[{"directed": false, "graph": {}, "nodes": [{"kcore": 0, "stats": {"": {"rtag_commoner": [], "tag_commoner": [["7373", "2018/09/10", "2018/09/10"]]}, "story": {"rtag_story": [], "tag_story": [["7570", "2018/08/24", "2018/08/24"], ["7562", "2018/08/13", "2018/08/13"], ["7509", "2018/01/10", "2018/01/10"]]}}, "tag_commoner": [["7373", "2018/09/10", "2018/09/10"]], "tag_story": [["7509", "2018/01/10", "2018/01/10"], ["7562", "2018/08/13", "2018/08/13"], ["7570", "2018/08/24", "2018/08/24"]], "spells": [["2018/01/10", "2018/01/10"], ["2018/08/13", "2018/08/13"], ["2018/08/24", "2018/08/24"], ["2018/09/10", "2018/09/10"]], "tags": ["inclusion", "inclusion", "inclusion", "inclusion"], "label": "tag_244", "cumu_totals": {"listing": 0, "story": 0, "transaction": 0, "social": 0}, "edgetotals": {"transaction": 0, "story": 0, "social": 0, "listing": 0}, "date": "2016/06/01", "avg_totals": {"listing": 0, "story": 0, "transaction": 0, "social": 0}, "nodemeta": ["", "story"], "type": "tag", "id": "7823", "name": "inclusion"}, {"kcore": 0, "stats": {"": {"rtag_commoner": [], "tag_commoner": [["7373", "2018/09/10", "2018/09/10"], ["7410", "2018/09/24", "2018/09/24"], ["7416", "2018/09/26", "2018/09/26"]]}, "story": {"rtag_story": [], "tag_story": [["7515", "2018/02/18", "2018/02/18"], ["7582", "2018/09/12", "2018/09/12"], ["7590", "2018/09/19", "2018/09/19"], ["7435", "2017/11/13", "2017/11/13"], ["7436", "2017/11/15", "2017/11/15"], ["7521", "2018/02/20", "2018/02/20"], ["7527", "2018/03/21", "2018/03/21"], ["7439", "2017/11/22", "2017/11/22"]]}}, "tag_commoner": [["7373", "2018/09/10", "2018/09/10"], ["7410", "2018/09/24", "2018/09/24"], ["7416", "2018/09/26", "2018/09/26"]], "tag_story": [["7435", "2017/11/13", "2017/11/13"], ["7436", "2017/11/15", "2017/11/15"], ["7439", "2017/11/22", "2017/11/22"], ["7515", "2018/02/18", "2018/02/18"], ["7521", "2018/02/20", "2018/02/20"], ["7527", "2018/03/21", "2018/03/21"], ["7582", "2018/09/12", "2018/09/12"], ["7590", "2018/09/19", "2018/09/19"]], "spells": [["2017/11/13", "2017/11/13"], ["2017/11/15", "2017/11/15"], ["2017/11/22", "2017/11/22"], ["2018/02/18", "2018/02/18"], ["2018/02/20", "2018/02/20"], ["2018/03/21", "2018/03/21"], ["2018/09/10", "2018/09/10"], ["2018/09/12", "2018/09/12"], ["2018/09/19", "2018/09/19"], ["2018/09/24", "2018/09/24"], ["2018/09/26", "2018/09/26"]], "tags": ["social innovation", "social innovation", "social innovation", "social innovation", "social innovation", "social innovation", "social innovation", "social innovation", "social innovation", "social innovation", "social innovation"], "label": "tag_69", "cumu_totals": {"listing": 0, "story": 0, "transaction": 0, "social": 0}, "edgetotals": {"transaction": 0, "story": 0, "social": 0, "listing": 0}, "date": "2016/06/01", "avg_totals": {"listing": 0, "story": 0, "transaction": 0, "social": 0}, "nodemeta": ["", "story"], "type": "tag", "id": "7660", "name": "social innovation"}, {"kcore": 0, "stats": {"": {"rtag_commoner": [], "tag_commoner": [["7373", "2018/09/10", "2018/09/10"]]}, "story": {"rtag_story": [], "tag_story": [["7505", "2017/10/21", "2017/10/21"]]}}, "tag_commoner": [["7373", "2018/09/10", "2018/09/10"]], "tag_story": [["7505", "2017/10/21", "2017/10/21"]], "spells": [["2017/10/21", "2017/10/21"], ["2018/09/10", "2018/09/10"]], "tags": ["17 oktober", "17 oktober"], "label": "tag_212", "cumu_totals": {"listing": 0, "story": 0, "transaction": 0, "social": 0}, "edgetotals": {"transaction": 0, "story": 0, "social": 0, "listing": 0}, "date": "2016/06/01", "avg_totals": {"listing": 0, "story": 0, "transaction": 0, "social": 0}, "nodemeta": ["", "story"], "type": "tag", "id": "7791", "name": "17 oktober"}, {"kcore": 0, "stats": {"": {"rtag_commoner": [], "tag_commoner": [["7373", "2018/09/10", "2018/09/10"], ["7410", "2018/09/24", "2018/09/24"]]}, "story": {"rtag_story": [], "tag_story": [["7566", "2018/08/19", "2018/08/19"], ["7578", "2018/09/12", "2018/09/12"], ["7580", "2018/09/12", "2018/09/12"], ["7520", "2018/02/20", "2018/02/20"], ["7581", "2018/09/12", "2018/09/12"], ["7436", "2017/11/15", "2017/11/15"], ["7526", "2018/03/19", "2018/03/19"], ["7528", "2018/04/16", "2018/04/16"], ["7530", "2018/05/13", "2018/05/13"], ["7555", "2018/07/12", "2018/07/12"]]}}, "tag_commoner": [["7373", "2018/09/10", "2018/09/10"], ["7410", "2018/09/24", "2018/09/24"]], "tag_story": [["7436", "2017/11/15", "2017/11/15"], ["7520", "2018/02/20", "2018/02/20"], ["7526", "2018/03/19", "2018/03/19"], ["7528", "2018/04/16", "2018/04/16"], ["7555", "2018/07/12", "2018/07/12"], ["7566", "2018/08/19", "2018/08/19"], ["7578", "2018/09/12", "2018/09/12"], ["7580", "2018/09/12", "2018/09/12"], ["7581", "2018/09/12", "2018/09/12"], ["7530", "2018/05/13", "2018/05/13"]], "spells": [["2017/11/15", "2017/11/15"], ["2018/02/20", "2018/02/20"], ["2018/03/19", "2018/03/19"], ["2018/04/16", "2018/04/16"], ["2018/07/12", "2018/07/12"], ["2018/08/19", "2018/08/19"], ["2018/09/10", "2018/09/10"], ["2018/09/12", "2018/09/12"], ["2018/09/12", "2018/09/12"], ["2018/09/12", "2018/09/12"], ["2018/09/24", "2018/09/24"], ["2018/05/13", "2018/05/13"]], "tags": ["welfare", "welfare", "welfare", "welfare", "welfare", "welfare", "welfare", "welfare", "welfare", "welfare", "welfare", "welfare"], "label": "tag_71", "cumu_totals": {"listing": 0, "story": 0, "transaction": 0, "social": 0}, "edgetotals": {"transaction": 0, "story": 0, "social": 0, "listing": 0}, "date": "2016/06/01", "avg_totals": {"listing": 0, "story": 0, "transaction": 0, "social": 0}, "nodemeta": ["", "story"], "type": "tag", "id": "7662", "name": "welfare"}, {"kcore": 0, "stats": {"": {"rtag_commoner": [], "tag_commoner": [["7373", "2018/09/10", "2018/09/10"]]}, "story": {"rtag_story": [], "tag_story": [["7522", "2018/02/20", "2018/02/20"], ["7548", "2018/07/05", "2018/07/05"], ["7565", "2018/08/19", "2018/08/19"]]}}, "tag_commoner": [["7373", "2018/09/10", "2018/09/10"]], "tag_story": [["7522", "2018/02/20", "2018/02/20"], ["7548", "2018/07/05", "2018/07/05"], ["7565", "2018/08/19", "2018/08/19"]], "spells": [["2018/02/20", "2018/02/20"], ["2018/07/05", "2018/07/05"], ["2018/08/19", "2018/08/19"], ["2018/09/10", "2018/09/10"]], "tags": ["salute", "salute", "salute", "salute"], "label": "tag_128", "cumu_totals": {"listing": 0, "story": 0, "transaction": 0, "social": 0}, "edgetotals": {"transaction": 0, "story": 0, "social": 0, "listing": 0}, "date": "2016/06/01", "avg_totals": {"listing": 0, "story": 0, "transaction": 0, "social": 0}, "nodemeta": ["", "story"], "type": "tag", "id": "7715", "name": "salute"}, {"kcore": 0, "stats": {"": {"rtag_commoner": [], "tag_commoner": [["7373", "2018/09/10", "2018/09/10"], ["7376", "2018/09/12", "2018/09/12"]]}, "story": {"rtag_story": [], "tag_story": [["7429", "2017/10/30", "2017/10/30"]]}}, "tag_commoner": [["7373", "2018/09/10", "2018/09/10"], ["7376", "2018/09/12", "2018/09/12"]], "tag_story": [["7429", "2017/10/30", "2017/10/30"]], "spells": [["2017/10/30", "2017/10/30"], ["2018/09/10", "2018/09/10"], ["2018/09/12", "2018/09/12"]], "tags": ["refugees", "refugees", "refugees"], "label": "tag_28", "cumu_totals": {"listing": 0, "story": 0, "transaction": 0, "social": 0}, "edgetotals": {"transaction": 0, "story": 0, "social": 0, "listing": 0}, "date": "2016/06/01", "avg_totals": {"listing": 0, "story": 0, "transaction": 0, "social": 0}, "nodemeta": ["", "story"], "type": "tag", "id": "7619", "name": "refugees"}, {"kcore": 2, "comment_story": [["57", "2018/09/11", "2018/09/11"], ["8", "2018/09/11", "2018/09/11"], ["7327", "2018/09/12", "2018/09/12"], ["3", "2018/09/10", "2018/09/10"], ["58", "2018/09/11", "2018/09/11"]], "edgetotals": {"transaction": 0, "story": 12.0, "social": 0, "listing": 0}, "tags": ["reddito di cittadinanza", "reddito di base", "reddito minimo garantito"], "title": "Reddito di Cittadinanza 2.0", "label": "story_273", "cumu_totals": {"listing": 0.0, "story": 1.0, "transaction": 0.0, "social": 0.0}, "avg_totals": {"listing": 0.0, "story": 4.0, "transaction": 0.0, "social": 0.0}, "date": "2016/06/01", "stats": {"2018/09/11": {"story": {"rcomment_story": [6, 12]}}, "2018/09/10": {"story": {"rcomment_story": [2, 4], "tag_story": [3, 0]}}, "story": {"comment_story": [], "tag_story": [["7577", "2018/09/10", "2018/09/10"], ["7577", "2018/09/10", "2018/09/10"], ["7577", "2018/09/10", "2018/09/10"], ["7577", "2018/09/10", "2018/09/10"], ["7577", "2018/09/10", "2018/09/10"], ["7577", "2018/09/10", "2018/09/10"]], "rtag_story": [], "rcomment_story": [["7327", "2018/09/12", "2018/09/12"], ["7327", "2018/09/12", "2018/09/12"], ["58", "2018/09/11", "2018/09/11"], ["58", "2018/09/11", "2018/09/11"], ["7577", "2018/09/11", "2018/09/11"], ["7577", "2018/09/11", "2018/09/11"], ["7577", "2018/09/11", "2018/09/11"], ["7577", "2018/09/11", "2018/09/11"], ["7577", "2018/09/12", "2018/09/12"], ["7577", "2018/09/12", "2018/09/12"], ["7577", "2018/09/10", "2018/09/10"], ["7577", "2018/09/10", "2018/09/10"], ["7577", "2018/09/11", "2018/09/11"], ["7577", "2018/09/11", "2018/09/11"], ["57", "2018/09/11", "2018/09/11"], ["57", "2018/09/11", "2018/09/11"], ["3", "2018/09/10", "2018/09/10"], ["3", "2018/09/10", "2018/09/10"], ["8", "2018/09/11", "2018/09/11"], ["8", "2018/09/11", "2018/09/11"]], "rcreate_story": [], "create_story": [["7373", "2018/09/10", "2018/09/10"]]}, "2018/09/12": {"story": {"rcomment_story": [2, 4]}}}, "tag_story": [["7577", "2018/09/10", "2018/09/10"], ["7577", "2018/09/10", "2018/09/10"], ["7577", "2018/09/10", "2018/09/10"]], "nodemeta": ["story", "story", "story", "story"], "type": "story", "id": "7577", "create_story": [["7373", "2018/09/10", "2018/09/10"]], "spells": [["2018/09/11", "2018/09/11"], ["2018/09/11", "2018/09/11"], ["2018/09/12", "2018/09/12"], ["2018/09/10", "2018/09/10"], ["2018/09/10", "2018/09/10"], ["2018/09/10", "2018/09/10"], ["2018/09/10", "2018/09/10"], ["2018/09/10", "2018/09/10"], ["2018/09/11", "2018/09/11"]]}, {"tag_commoner": [["8", "2017/10/01", "2017/10/01"], ["7373", "2018/09/10", "2018/09/10"], ["7096", "2018/07/06", "2018/07/06"]], "kcore": 0, "stats": {"": {"rtag_commoner": [], "tag_commoner": [["7096", "2018/07/06", "2018/07/06"], ["7373", "2018/09/10", "2018/09/10"], ["8", "2017/10/01", "2017/10/01"]]}, "story": {"rtag_story": [], "tag_story": [["7593", "2018/09/20", "2018/09/20"], ["7428", "2017/09/30", "2017/09/30"]]}, "transaction": {"rtag_listing": [], "tag_listing": [["7609", "2018/08/17", "2018/08/17"]]}}, "name": "digital commons", "tag_story": [["7428", "2017/09/30", "2017/09/30"], ["7593", "2018/09/20", "2018/09/20"]], "tags": ["digital commons", "digital commons", "digital commons", "digital commons", "digital commons", "digital commons"], "label": "tag_2", "cumu_totals": {"listing": 0, "story": 0, "transaction": 0, "social": 0}, "avg_totals": {"listing": 0, "story": 0, "transaction": 0, "social": 0}, "tag_listing": [["7609", "2018/08/17", "2018/08/17"]], "date": "2016/06/01", "edgetotals": {"transaction": 0, "story": 0, "social": 0, "listing": 0}, "nodemeta": ["", "story", "transaction"], "type": "tag", "id": "7614", "spells": [["2017/09/30", "2017/09/30"], ["2017/10/01", "2017/10/01"], ["2018/09/10", "2018/09/10"], ["2018/09/20", "2018/09/20"], ["2018/08/17", "2018/08/17"], ["2018/07/06", "2018/07/06"]]}, {"kcore": 0, "stats": {"": {"rtag_commoner": [], "tag_commoner": [["7373", "2018/09/10", "2018/09/10"], ["139", "2018/06/22", "2018/06/22"], ["7376", "2018/09/12", "2018/09/12"], ["140", "2018/06/22", "2018/06/22"]]}, "story": {"rtag_story": [], "tag_story": [["7430", "2017/10/30", "2017/10/30"]]}}, "tag_commoner": [["7373", "2018/09/10", "2018/09/10"], ["7376", "2018/09/12", "2018/09/12"], ["139", "2018/06/22", "2018/06/22"], ["140", "2018/06/22", "2018/06/22"]], "tag_story": [["7430", "2017/10/30", "2017/10/30"]], "spells": [["2017/10/30", "2017/10/30"], ["2018/09/10", "2018/09/10"], ["2018/09/12", "2018/09/12"], ["2018/06/22", "2018/06/22"], ["2018/06/22", "2018/06/22"]], "tags": ["citizen protest", "citizen protest", "citizen protest", "citizen protest", "citizen protest"], "label": "tag_42", "cumu_totals": {"listing": 0, "story": 0, "transaction": 0, "social": 0}, "edgetotals": {"transaction": 0, "story": 0, "social": 0, "listing": 0}, "date": "2016/06/01", "avg_totals": {"listing": 0, "story": 0, "transaction": 0, "social": 0}, "nodemeta": ["", "story"], "type": "tag", "id": "7633", "name": "citizen protest"}, {"kcore": 0, "stats": {"": {"rtag_commoner": [], "tag_commoner": [["7373", "2018/09/10", "2018/09/10"], ["7334", "2018/08/15", "2018/08/15"], ["7416", "2018/09/26", "2018/09/26"]]}, "story": {"rtag_story": [], "tag_story": [["7431", "2017/10/30", "2017/10/30"], ["7583", "2018/09/14", "2018/09/14"]]}}, "tag_commoner": [["7373", "2018/09/10", "2018/09/10"], ["7416", "2018/09/26", "2018/09/26"], ["7334", "2018/08/15", "2018/08/15"]], "tag_story": [["7431", "2017/10/30", "2017/10/30"], ["7583", "2018/09/14", "2018/09/14"]], "spells": [["2017/10/30", "2017/10/30"], ["2018/09/10", "2018/09/10"], ["2018/09/14", "2018/09/14"], ["2018/09/26", "2018/09/26"], ["2018/08/15", "2018/08/15"]], "tags": ["environmental sustainability", "environmental sustainability", "environmental sustainability", "environmental sustainability", "environmental sustainability"], "label": "tag_44", "cumu_totals": {"listing": 0, "story": 0, "transaction": 0, "social": 0}, "edgetotals": {"transaction": 0, "story": 0, "social": 0, "listing": 0}, "date": "2016/06/01", "avg_totals": {"listing": 0, "story": 0, "transaction": 0, "social": 0}, "nodemeta": ["", "story"], "type": "tag", "id": "7635", "name": "environmental sustainability"}, {"kcore": 0, "stats": {"": {"rtag_commoner": [], "tag_commoner": [["7373", "2018/09/10", "2018/09/10"]]}, "story": {"rtag_story": [], "tag_story": [["7595", "2018/09/21", "2018/09/21"], ["7526", "2018/03/19", "2018/03/19"], ["7553", "2018/07/11", "2018/07/11"], ["7528", "2018/04/16", "2018/04/16"], ["7529", "2018/05/09", "2018/05/09"], ["7556", "2018/07/13", "2018/07/13"], ["7546", "2018/07/04", "2018/07/04"]]}}, "tag_commoner": [["7373", "2018/09/10", "2018/09/10"]], "tag_story": [["7526", "2018/03/19", "2018/03/19"], ["7528", "2018/04/16", "2018/04/16"], ["7529", "2018/05/09", "2018/05/09"], ["7546", "2018/07/04", "2018/07/04"], ["7553", "2018/07/11", "2018/07/11"], ["7556", "2018/07/13", "2018/07/13"], ["7595", "2018/09/21", "2018/09/21"]], "spells": [["2018/03/19", "2018/03/19"], ["2018/04/16", "2018/04/16"], ["2018/05/09", "2018/05/09"], ["2018/07/04", "2018/07/04"], ["2018/07/11", "2018/07/11"], ["2018/07/13", "2018/07/13"], ["2018/09/10", "2018/09/10"], ["2018/09/21", "2018/09/21"]], "tags": ["precariet\u00e0", "precariet\u00e0", "precariet\u00e0", "precariet\u00e0", "precariet\u00e0", "precariet\u00e0", "precariet\u00e0", "precariet\u00e0"], "label": "tag_325", "cumu_totals": {"listing": 0, "story": 0, "transaction": 0, "social": 0}, "edgetotals": {"transaction": 0, "story": 0, "social": 0, "listing": 0}, "date": "2016/06/01", "avg_totals": {"listing": 0, "story": 0, "transaction": 0, "social": 0}, "nodemeta": ["", "story"], "type": "tag", "id": "7889", "name": "precariet\u00e0"}, {"kcore": 0, "stats": {"": {"rtag_commoner": [], "tag_commoner": [["7373", "2018/09/10", "2018/09/10"], ["7365", "2018/09/05", "2018/09/05"]]}, "story": {"rtag_story": [], "tag_story": [["7503", "2018/01/04", "2018/01/04"]]}}, "tag_commoner": [["7373", "2018/09/10", "2018/09/10"], ["7365", "2018/09/05", "2018/09/05"]], "tag_story": [["7503", "2018/01/04", "2018/01/04"]], "spells": [["2018/01/04", "2018/01/04"], ["2018/09/10", "2018/09/10"], ["2018/09/05", "2018/09/05"]], "tags": ["free", "free", "free"], "label": "tag_195", "cumu_totals": {"listing": 0, "story": 0, "transaction": 0, "social": 0}, "edgetotals": {"transaction": 0, "story": 0, "social": 0, "listing": 0}, "date": "2016/06/01", "avg_totals": {"listing": 0, "story": 0, "transaction": 0, "social": 0}, "nodemeta": ["", "story"], "type": "tag", "id": "7774", "name": "free"}, {"kcore": 0, "stats": {"": {"rtag_commoner": [], "tag_commoner": [["7373", "2018/09/10", "2018/09/10"]]}, "story": {"rtag_story": [], "tag_story": [["7503", "2018/01/04", "2018/01/04"]]}}, "tag_commoner": [["7373", "2018/09/10", "2018/09/10"]], "tag_story": [["7503", "2018/01/04", "2018/01/04"]], "spells": [["2018/01/04", "2018/01/04"], ["2018/09/10", "2018/09/10"]], "tags": ["internet of things", "internet of things"], "label": "tag_192", "cumu_totals": {"listing": 0, "story": 0, "transaction": 0, "social": 0}, "edgetotals": {"transaction": 0, "story": 0, "social": 0, "listing": 0}, "date": "2016/06/01", "avg_totals": {"listing": 0, "story": 0, "transaction": 0, "social": 0}, "nodemeta": ["", "story"], "type": "tag", "id": "7771", "name": "internet of things"}, {"kcore": 0, "stats": {"": {"rtag_commoner": [], "tag_commoner": [["7373", "2018/09/10", "2018/09/10"], ["7410", "2018/09/24", "2018/09/24"]]}, "story": {"rtag_story": [], "tag_story": [["7564", "2018/08/17", "2018/08/17"], ["7563", "2018/08/17", "2018/08/17"], ["7577", "2018/09/10", "2018/09/10"], ["7598", "2018/09/26", "2018/09/26"], ["7603", "2018/10/06", "2018/10/06"], ["7580", "2018/09/12", "2018/09/12"], ["7602", "2018/10/04", "2018/10/04"], ["7568", "2018/08/23", "2018/08/23"], ["7539", "2018/06/15", "2018/06/15"], ["7525", "2018/03/09", "2018/03/09"], ["7553", "2018/07/11", "2018/07/11"], ["7528", "2018/04/16", "2018/04/16"], ["7556", "2018/07/13", "2018/07/13"]]}}, "tag_commoner": [["7373", "2018/09/10", "2018/09/10"], ["7410", "2018/09/24", "2018/09/24"]], "tag_story": [["7525", "2018/03/09", "2018/03/09"], ["7528", "2018/04/16", "2018/04/16"], ["7539", "2018/06/15", "2018/06/15"], ["7553", "2018/07/11", "2018/07/11"], ["7556", "2018/07/13", "2018/07/13"], ["7563", "2018/08/17", "2018/08/17"], ["7564", "2018/08/17", "2018/08/17"], ["7568", "2018/08/23", "2018/08/23"], ["7577", "2018/09/10", "2018/09/10"], ["7580", "2018/09/12", "2018/09/12"], ["7598", "2018/09/26", "2018/09/26"], ["7602", "2018/10/04", "2018/10/04"], ["7603", "2018/10/06", "2018/10/06"]], "spells": [["2018/03/09", "2018/03/09"], ["2018/04/16", "2018/04/16"], ["2018/06/15", "2018/06/15"], ["2018/07/11", "2018/07/11"], ["2018/07/13", "2018/07/13"], ["2018/08/17", "2018/08/17"], ["2018/08/17", "2018/08/17"], ["2018/08/23", "2018/08/23"], ["2018/09/10", "2018/09/10"], ["2018/09/10", "2018/09/10"], ["2018/09/12", "2018/09/12"], ["2018/09/26", "2018/09/26"], ["2018/10/04", "2018/10/04"], ["2018/10/06", "2018/10/06"], ["2018/09/24", "2018/09/24"]], "tags": ["reddito di base", "reddito di base", "reddito di base", "reddito di base", "reddito di base", "reddito di base", "reddito di base", "reddito di base", "reddito di base", "reddito di base", "reddito di base", "reddito di base", "reddito di base", "reddito di base", "reddito di base"], "label": "tag_313", "cumu_totals": {"listing": 0, "story": 0, "transaction": 0, "social": 0}, "edgetotals": {"transaction": 0, "story": 0, "social": 0, "listing": 0}, "date": "2016/06/01", "avg_totals": {"listing": 0, "story": 0, "transaction": 0, "social": 0}, "nodemeta": ["", "story"], "type": "tag", "id": "7881", "name": "reddito di base"}, {"kcore": 0, "stats": {"": {"rtag_commoner": [], "tag_commoner": [["7373", "2018/09/10", "2018/09/10"], ["7410", "2018/09/24", "2018/09/24"]]}, "story": {"rtag_story": [], "tag_story": [["7577", "2018/09/10", "2018/09/10"], ["7602", "2018/10/04", "2018/10/04"], ["7525", "2018/03/09", "2018/03/09"], ["7528", "2018/04/16", "2018/04/16"]]}}, "tag_commoner": [["7373", "2018/09/10", "2018/09/10"], ["7410", "2018/09/24", "2018/09/24"]], "tag_story": [["7525", "2018/03/09", "2018/03/09"], ["7528", "2018/04/16", "2018/04/16"], ["7577", "2018/09/10", "2018/09/10"], ["7602", "2018/10/04", "2018/10/04"]], "spells": [["2018/03/09", "2018/03/09"], ["2018/04/16", "2018/04/16"], ["2018/09/10", "2018/09/10"], ["2018/09/10", "2018/09/10"], ["2018/10/04", "2018/10/04"], ["2018/09/24", "2018/09/24"]], "tags": ["reddito minimo garantito", "reddito minimo garantito", "reddito minimo garantito", "reddito minimo garantito", "reddito minimo garantito", "reddito minimo garantito"], "label": "tag_314", "cumu_totals": {"listing": 0, "story": 0, "transaction": 0, "social": 0}, "edgetotals": {"transaction": 0, "story": 0, "social": 0, "listing": 0}, "date": "2016/06/01", "avg_totals": {"listing": 0, "story": 0, "transaction": 0, "social": 0}, "nodemeta": ["", "story"], "type": "tag", "id": "7882", "name": "reddito minimo garantito"}, {"nodemeta": [""], "stats": {"": {"rtag_commoner": [], "tag_commoner": [["7373", "2018/09/10", "2018/09/10"]]}}, "tag_commoner": [["7373", "2018/09/10", "2018/09/10"]], "tags": ["altro"], "spells": [["2018/09/10", "2018/09/10"]], "label": "tag_532", "name": "altro", "edgetotals": {"transaction": 0, "story": 0, "social": 0, "listing": 0}, "date": "2016/06/01", "avg_totals": {"listing": 0, "story": 0, "transaction": 0, "social": 0}, "kcore": 0, "type": "tag", "id": "8068", "cumu_totals": {"listing": 0, "story": 0, "transaction": 0, "social": 0}}, {"kcore": 0, "stats": {"": {"rtag_commoner": [], "tag_commoner": [["7373", "2018/09/10", "2018/09/10"]]}, "story": {"rtag_story": [], "tag_story": [["7453", "2017/09/01", "2017/09/01"]]}}, "tag_commoner": [["7373", "2018/09/10", "2018/09/10"]], "tag_story": [["7453", "2017/09/01", "2017/09/01"]], "spells": [["2017/09/01", "2017/09/01"], ["2018/09/10", "2018/09/10"]], "tags": ["trasporti", "trasporti"], "label": "tag_530", "cumu_totals": {"listing": 0, "story": 0, "transaction": 0, "social": 0}, "edgetotals": {"transaction": 0, "story": 0, "social": 0, "listing": 0}, "date": "2016/06/01", "avg_totals": {"listing": 0, "story": 0, "transaction": 0, "social": 0}, "nodemeta": ["", "story"], "type": "tag", "id": "8066", "name": "trasporti"}, {"kcore": 0, "stats": {"": {"rtag_commoner": [], "tag_commoner": [["7373", "2018/09/10", "2018/09/10"]]}, "story": {"rtag_story": [], "tag_story": [["7441", "2017/09/01", "2017/09/01"]]}}, "tag_commoner": [["7373", "2018/09/10", "2018/09/10"]], "tag_story": [["7441", "2017/09/01", "2017/09/01"]], "spells": [["2017/09/01", "2017/09/01"], ["2018/09/10", "2018/09/10"]], "tags": ["disoccupazione", "disoccupazione"], "label": "tag_531", "cumu_totals": {"listing": 0, "story": 0, "transaction": 0, "social": 0}, "edgetotals": {"transaction": 0, "story": 0, "social": 0, "listing": 0}, "date": "2016/06/01", "avg_totals": {"listing": 0, "story": 0, "transaction": 0, "social": 0}, "nodemeta": ["", "story"], "type": "tag", "id": "8067", "name": "disoccupazione"}, {"nodemeta": [""], "stats": {"": {"rtag_commoner": [], "tag_commoner": [["7373", "2018/09/10", "2018/09/10"]]}}, "tag_commoner": [["7373", "2018/09/10", "2018/09/10"]], "tags": ["amore"], "spells": [["2018/09/10", "2018/09/10"]], "label": "tag_432", "name": "amore", "edgetotals": {"transaction": 0, "story": 0, "social": 0, "listing": 0}, "date": "2016/06/01", "avg_totals": {"listing": 0, "story": 0, "transaction": 0, "social": 0}, "kcore": 0, "type": "tag", "id": "7975", "cumu_totals": {"listing": 0, "story": 0, "transaction": 0, "social": 0}}, {"kcore": 0, "stats": {"": {"rtag_commoner": [], "tag_commoner": [["7373", "2018/09/10", "2018/09/10"]]}, "story": {"rtag_story": [], "tag_story": [["7586", "2018/09/15", "2018/09/15"], ["7573", "2018/09/07", "2018/09/07"]]}}, "tag_commoner": [["7373", "2018/09/10", "2018/09/10"]], "tag_story": [["7573", "2018/09/07", "2018/09/07"], ["7586", "2018/09/15", "2018/09/15"]], "spells": [["2018/09/07", "2018/09/07"], ["2018/09/10", "2018/09/10"], ["2018/09/15", "2018/09/15"]], "tags": ["antirazzismo", "antirazzismo", "antirazzismo"], "label": "tag_526", "cumu_totals": {"listing": 0, "story": 0, "transaction": 0, "social": 0}, "edgetotals": {"transaction": 0, "story": 0, "social": 0, "listing": 0}, "date": "2016/06/01", "avg_totals": {"listing": 0, "story": 0, "transaction": 0, "social": 0}, "nodemeta": ["", "story"], "type": "tag", "id": "8062", "name": "antirazzismo"}, {"kcore": 0, "stats": {"": {"rtag_commoner": [], "tag_commoner": [["7373", "2018/09/10", "2018/09/10"]]}, "story": {"rtag_story": [], "tag_story": [["7573", "2018/09/07", "2018/09/07"]]}}, "tag_commoner": [["7373", "2018/09/10", "2018/09/10"]], "tag_story": [["7573", "2018/09/07", "2018/09/07"]], "spells": [["2018/09/07", "2018/09/07"], ["2018/09/10", "2018/09/10"]], "tags": ["antisessismo", "antisessismo"], "label": "tag_527", "cumu_totals": {"listing": 0, "story": 0, "transaction": 0, "social": 0}, "edgetotals": {"transaction": 0, "story": 0, "social": 0, "listing": 0}, "date": "2016/06/01", "avg_totals": {"listing": 0, "story": 0, "transaction": 0, "social": 0}, "nodemeta": ["", "story"], "type": "tag", "id": "8063", "name": "antisessismo"}, {"kcore": 0, "stats": {"": {"rtag_commoner": [], "tag_commoner": [["7373", "2018/09/10", "2018/09/10"]]}, "story": {"rtag_story": [], "tag_story": [["7429", "2017/10/30", "2017/10/30"]]}}, "tag_commoner": [["7373", "2018/09/10", "2018/09/10"]], "tag_story": [["7429", "2017/10/30", "2017/10/30"]], "spells": [["2017/10/30", "2017/10/30"], ["2018/09/10", "2018/09/10"]], "tags": ["asylum seekers", "asylum seekers"], "label": "tag_29", "cumu_totals": {"listing": 0, "story": 0, "transaction": 0, "social": 0}, "edgetotals": {"transaction": 0, "story": 0, "social": 0, "listing": 0}, "date": "2016/06/01", "avg_totals": {"listing": 0, "story": 0, "transaction": 0, "social": 0}, "nodemeta": ["", "story"], "type": "tag", "id": "7620", "name": "asylum seekers"}, {"kcore": 0, "stats": {"": {"rtag_commoner": [], "tag_commoner": [["7373", "2018/09/10", "2018/09/10"]]}, "story": {"rtag_story": [], "tag_story": [["7596", "2018/09/26", "2018/09/26"], ["7587", "2018/09/15", "2018/09/15"], ["7600", "2018/10/02", "2018/10/02"]]}}, "tag_commoner": [["7373", "2018/09/10", "2018/09/10"]], "tag_story": [["7587", "2018/09/15", "2018/09/15"], ["7596", "2018/09/26", "2018/09/26"], ["7600", "2018/10/02", "2018/10/02"]], "spells": [["2018/09/10", "2018/09/10"], ["2018/09/15", "2018/09/15"], ["2018/09/26", "2018/09/26"], ["2018/10/02", "2018/10/02"]], "tags": ["beni comuni", "beni comuni", "beni comuni", "beni comuni"], "label": "tag_487", "cumu_totals": {"listing": 0, "story": 0, "transaction": 0, "social": 0}, "edgetotals": {"transaction": 0, "story": 0, "social": 0, "listing": 0}, "date": "2016/06/01", "avg_totals": {"listing": 0, "story": 0, "transaction": 0, "social": 0}, "nodemeta": ["", "story"], "type": "tag", "id": "8029", "name": "beni comuni"}, {"kcore": 0, "stats": {"": {"rtag_commoner": [], "tag_commoner": [["7373", "2018/09/10", "2018/09/10"], ["7425", "2018/10/06", "2018/10/06"], ["7416", "2018/09/26", "2018/09/26"], ["137", "2018/06/22", "2018/06/22"], ["7401", "2018/09/17", "2018/09/17"]]}, "story": {"rtag_story": [], "tag_story": [["7589", "2018/09/17", "2018/09/17"], ["7596", "2018/09/26", "2018/09/26"], ["7586", "2018/09/15", "2018/09/15"], ["7594", "2018/09/21", "2018/09/21"], ["7600", "2018/10/02", "2018/10/02"], ["7597", "2018/09/26", "2018/09/26"], ["7515", "2018/02/18", "2018/02/18"], ["7525", "2018/03/09", "2018/03/09"], ["7529", "2018/05/09", "2018/05/09"], ["7547", "2018/07/05", "2018/07/05"]]}}, "tag_commoner": [["7373", "2018/09/10", "2018/09/10"], ["7401", "2018/09/17", "2018/09/17"], ["7416", "2018/09/26", "2018/09/26"], ["7425", "2018/10/06", "2018/10/06"], ["137", "2018/06/22", "2018/06/22"]], "tag_story": [["7515", "2018/02/18", "2018/02/18"], ["7525", "2018/03/09", "2018/03/09"], ["7529", "2018/05/09", "2018/05/09"], ["7547", "2018/07/05", "2018/07/05"], ["7586", "2018/09/15", "2018/09/15"], ["7589", "2018/09/17", "2018/09/17"], ["7594", "2018/09/21", "2018/09/21"], ["7596", "2018/09/26", "2018/09/26"], ["7600", "2018/10/02", "2018/10/02"], ["7597", "2018/09/26", "2018/09/26"]], "spells": [["2018/02/18", "2018/02/18"], ["2018/03/09", "2018/03/09"], ["2018/05/09", "2018/05/09"], ["2018/07/05", "2018/07/05"], ["2018/09/10", "2018/09/10"], ["2018/09/15", "2018/09/15"], ["2018/09/17", "2018/09/17"], ["2018/09/17", "2018/09/17"], ["2018/09/21", "2018/09/21"], ["2018/09/26", "2018/09/26"], ["2018/10/02", "2018/10/02"], ["2018/09/26", "2018/09/26"], ["2018/10/06", "2018/10/06"], ["2018/06/22", "2018/06/22"], ["2018/09/26", "2018/09/26"]], "tags": ["cultura", "cultura", "cultura", "cultura", "cultura", "cultura", "cultura", "cultura", "cultura", "cultura", "cultura", "cultura", "cultura", "cultura", "cultura"], "label": "tag_292", "cumu_totals": {"listing": 0, "story": 0, "transaction": 0, "social": 0}, "edgetotals": {"transaction": 0, "story": 0, "social": 0, "listing": 0}, "date": "2016/06/01", "avg_totals": {"listing": 0, "story": 0, "transaction": 0, "social": 0}, "nodemeta": ["", "story"], "type": "tag", "id": "7863", "name": "cultura"}, {"nodemeta": [""], "stats": {"": {"rtag_commoner": [], "tag_commoner": [["7373", "2018/09/10", "2018/09/10"], ["7307", "2018/07/10", "2018/07/10"]]}}, "tag_commoner": [["7373", "2018/09/10", "2018/09/10"], ["7307", "2018/07/10", "2018/07/10"]], "tags": ["sapere critico", "sapere critico"], "spells": [["2018/09/10", "2018/09/10"], ["2018/07/10", "2018/07/10"]], "label": "tag_467", "name": "sapere critico", "edgetotals": {"transaction": 0, "story": 0, "social": 0, "listing": 0}, "date": "2016/06/01", "avg_totals": {"listing": 0, "story": 0, "transaction": 0, "social": 0}, "kcore": 0, "type": "tag", "id": "8009", "cumu_totals": {"listing": 0, "story": 0, "transaction": 0, "social": 0}}, {"kcore": 0, "stats": {"": {"rtag_commoner": [], "tag_commoner": [["7373", "2018/09/10", "2018/09/10"]]}, "story": {"rtag_story": [], "tag_story": [["7505", "2017/10/21", "2017/10/21"]]}}, "tag_commoner": [["7373", "2018/09/10", "2018/09/10"]], "tag_story": [["7505", "2017/10/21", "2017/10/21"]], "spells": [["2017/10/21", "2017/10/21"], ["2018/09/10", "2018/09/10"]], "tags": ["poverty policy", "poverty policy"], "label": "tag_207", "cumu_totals": {"listing": 0, "story": 0, "transaction": 0, "social": 0}, "edgetotals": {"transaction": 0, "story": 0, "social": 0, "listing": 0}, "date": "2016/06/01", "avg_totals": {"listing": 0, "story": 0, "transaction": 0, "social": 0}, "nodemeta": ["", "story"], "type": "tag", "id": "7786", "name": "poverty policy"}, {"kcore": 0, "stats": {"": {"rtag_commoner": [], "tag_commoner": [["7373", "2018/09/10", "2018/09/10"]]}, "story": {"rtag_story": [], "tag_story": [["7564", "2018/08/17", "2018/08/17"], ["7577", "2018/09/10", "2018/09/10"], ["7598", "2018/09/26", "2018/09/26"], ["7580", "2018/09/12", "2018/09/12"], ["7603", "2018/10/06", "2018/10/06"], ["7602", "2018/10/04", "2018/10/04"], ["7528", "2018/04/16", "2018/04/16"], ["7529", "2018/05/09", "2018/05/09"]]}}, "tag_commoner": [["7373", "2018/09/10", "2018/09/10"]], "tag_story": [["7528", "2018/04/16", "2018/04/16"], ["7529", "2018/05/09", "2018/05/09"], ["7564", "2018/08/17", "2018/08/17"], ["7577", "2018/09/10", "2018/09/10"], ["7580", "2018/09/12", "2018/09/12"], ["7598", "2018/09/26", "2018/09/26"], ["7602", "2018/10/04", "2018/10/04"], ["7603", "2018/10/06", "2018/10/06"]], "spells": [["2018/04/16", "2018/04/16"], ["2018/05/09", "2018/05/09"], ["2018/08/17", "2018/08/17"], ["2018/09/10", "2018/09/10"], ["2018/09/10", "2018/09/10"], ["2018/09/12", "2018/09/12"], ["2018/09/26", "2018/09/26"], ["2018/10/04", "2018/10/04"], ["2018/10/06", "2018/10/06"]], "tags": ["reddito di cittadinanza", "reddito di cittadinanza", "reddito di cittadinanza", "reddito di cittadinanza", "reddito di cittadinanza", "reddito di cittadinanza", "reddito di cittadinanza", "reddito di cittadinanza", "reddito di cittadinanza"], "label": "tag_343", "cumu_totals": {"listing": 0, "story": 0, "transaction": 0, "social": 0}, "edgetotals": {"transaction": 0, "story": 0, "social": 0, "listing": 0}, "date": "2016/06/01", "avg_totals": {"listing": 0, "story": 0, "transaction": 0, "social": 0}, "nodemeta": ["", "story"], "type": "tag", "id": "7901", "name": "reddito di cittadinanza"}, {"kcore": 0, "stats": {"": {"rtag_commoner": [], "tag_commoner": [["7373", "2018/09/10", "2018/09/10"], ["7376", "2018/09/12", "2018/09/12"]]}, "story": {"rtag_story": [], "tag_story": [["7433", "2017/10/30", "2017/10/30"], ["7583", "2018/09/14", "2018/09/14"]]}}, "tag_commoner": [["7373", "2018/09/10", "2018/09/10"], ["7376", "2018/09/12", "2018/09/12"]], "tag_story": [["7433", "2017/10/30", "2017/10/30"], ["7583", "2018/09/14", "2018/09/14"]], "spells": [["2017/10/30", "2017/10/30"], ["2018/09/10", "2018/09/10"], ["2018/09/14", "2018/09/14"], ["2018/09/12", "2018/09/12"]], "tags": ["immigrants", "immigrants", "immigrants", "immigrants"], "label": "tag_58", "cumu_totals": {"listing": 0, "story": 0, "transaction": 0, "social": 0}, "edgetotals": {"transaction": 0, "story": 0, "social": 0, "listing": 0}, "date": "2016/06/01", "avg_totals": {"listing": 0, "story": 0, "transaction": 0, "social": 0}, "nodemeta": ["", "story"], "type": "tag", "id": "7649", "name": "immigrants"}, {"kcore": 0, "stats": {"": {"rtag_commoner": [], "tag_commoner": [["7373", "2018/09/10", "2018/09/10"]]}, "story": {"rtag_story": [], "tag_story": [["7505", "2017/10/21", "2017/10/21"]]}}, "tag_commoner": [["7373", "2018/09/10", "2018/09/10"]], "tag_story": [["7505", "2017/10/21", "2017/10/21"]], "spells": [["2017/10/21", "2017/10/21"], ["2018/09/10", "2018/09/10"]], "tags": ["manifesto", "manifesto"], "label": "tag_206", "cumu_totals": {"listing": 0, "story": 0, "transaction": 0, "social": 0}, "edgetotals": {"transaction": 0, "story": 0, "social": 0, "listing": 0}, "date": "2016/06/01", "avg_totals": {"listing": 0, "story": 0, "transaction": 0, "social": 0}, "nodemeta": ["", "story"], "type": "tag", "id": "7785", "name": "manifesto"}, {"kcore": 0, "stats": {"": {"rtag_commoner": [], "tag_commoner": [["7373", "2018/09/10", "2018/09/10"]]}, "story": {"rtag_story": [], "tag_story": [["7430", "2017/10/30", "2017/10/30"]]}}, "tag_commoner": [["7373", "2018/09/10", "2018/09/10"]], "tag_story": [["7430", "2017/10/30", "2017/10/30"]], "spells": [["2017/10/30", "2017/10/30"], ["2018/09/10", "2018/09/10"]], "tags": ["safe and legal abortion", "safe and legal abortion"], "label": "tag_38", "cumu_totals": {"listing": 0, "story": 0, "transaction": 0, "social": 0}, "edgetotals": {"transaction": 0, "story": 0, "social": 0, "listing": 0}, "date": "2016/06/01", "avg_totals": {"listing": 0, "story": 0, "transaction": 0, "social": 0}, "nodemeta": ["", "story"], "type": "tag", "id": "7629", "name": "safe and legal abortion"}, {"nodemeta": [""], "stats": {"": {"rtag_commoner": [], "tag_commoner": [["7373", "2018/09/10", "2018/09/10"], ["7410", "2018/09/24", "2018/09/24"]]}}, "tag_commoner": [["7373", "2018/09/10", "2018/09/10"], ["7410", "2018/09/24", "2018/09/24"]], "tags": ["fine del lavoro", "fine del lavoro"], "spells": [["2018/09/10", "2018/09/10"], ["2018/09/24", "2018/09/24"]], "label": "tag_400", "name": "fine del lavoro", "edgetotals": {"transaction": 0, "story": 0, "social": 0, "listing": 0}, "date": "2016/06/01", "avg_totals": {"listing": 0, "story": 0, "transaction": 0, "social": 0}, "kcore": 0, "type": "tag", "id": "7949", "cumu_totals": {"listing": 0, "story": 0, "transaction": 0, "social": 0}}, {"kcore": 0, "stats": {"": {"rtag_commoner": [], "tag_commoner": [["7373", "2018/09/10", "2018/09/10"], ["7362", "2018/08/31", "2018/08/31"], ["137", "2018/06/22", "2018/06/22"], ["7416", "2018/09/26", "2018/09/26"]]}, "story": {"rtag_story": [], "tag_story": [["7589", "2018/09/17", "2018/09/17"], ["7600", "2018/10/02", "2018/10/02"], ["7437", "2017/11/15", "2017/11/15"]]}}, "tag_commoner": [["7373", "2018/09/10", "2018/09/10"], ["7416", "2018/09/26", "2018/09/26"], ["137", "2018/06/22", "2018/06/22"], ["7362", "2018/08/31", "2018/08/31"]], "tag_story": [["7437", "2017/11/15", "2017/11/15"], ["7589", "2018/09/17", "2018/09/17"], ["7600", "2018/10/02", "2018/10/02"]], "spells": [["2017/11/15", "2017/11/15"], ["2018/09/10", "2018/09/10"], ["2018/09/17", "2018/09/17"], ["2018/10/02", "2018/10/02"], ["2018/09/26", "2018/09/26"], ["2018/06/22", "2018/06/22"], ["2018/08/31", "2018/08/31"]], "tags": ["arts", "arts", "arts", "arts", "arts", "arts", "arts"], "label": "tag_75", "cumu_totals": {"listing": 0, "story": 0, "transaction": 0, "social": 0}, "edgetotals": {"transaction": 0, "story": 0, "social": 0, "listing": 0}, "date": "2016/06/01", "avg_totals": {"listing": 0, "story": 0, "transaction": 0, "social": 0}, "nodemeta": ["", "story"], "type": "tag", "id": "7666", "name": "arts"}, {"kcore": 0, "stats": {"": {"rtag_commoner": [], "tag_commoner": [["7096", "2018/07/06", "2018/07/06"], ["7373", "2018/09/10", "2018/09/10"], ["7410", "2018/09/24", "2018/09/24"]]}, "story": {"rtag_story": [], "tag_story": [["7589", "2018/09/17", "2018/09/17"], ["7433", "2017/10/30", "2017/10/30"], ["7519", "2018/02/20", "2018/02/20"]]}}, "tag_commoner": [["7373", "2018/09/10", "2018/09/10"], ["7096", "2018/07/06", "2018/07/06"], ["7410", "2018/09/24", "2018/09/24"]], "tag_story": [["7433", "2017/10/30", "2017/10/30"], ["7519", "2018/02/20", "2018/02/20"], ["7589", "2018/09/17", "2018/09/17"]], "spells": [["2017/10/30", "2017/10/30"], ["2018/02/20", "2018/02/20"], ["2018/09/10", "2018/09/10"], ["2018/09/17", "2018/09/17"], ["2018/07/06", "2018/07/06"], ["2018/09/24", "2018/09/24"]], "tags": ["culture", "culture", "culture", "culture", "culture", "culture"], "label": "tag_60", "cumu_totals": {"listing": 0, "story": 0, "transaction": 0, "social": 0}, "edgetotals": {"transaction": 0, "story": 0, "social": 0, "listing": 0}, "date": "2016/06/01", "avg_totals": {"listing": 0, "story": 0, "transaction": 0, "social": 0}, "nodemeta": ["", "story"], "type": "tag", "id": "7651", "name": "culture"}, {"nodemeta": ["story", "story", "transaction", ""], "transaction": [["57", "2018/09/11", "2018/09/11"]], "comment_story": [["7577", "2018/09/11", "2018/09/11"], ["7577", "2018/09/11", "2018/09/11"], ["7577", "2018/09/12", "2018/09/12"], ["7577", "2018/09/10", "2018/09/10"], ["7577", "2018/09/11", "2018/09/11"]], "tag_commoner": [["7373", "2018/09/10", "2018/09/10"], ["7373", "2018/09/10", "2018/09/10"], ["7373", "2018/09/10", "2018/09/10"], ["7373", "2018/09/10", "2018/09/10"], ["7373", "2018/09/10", "2018/09/10"], ["7373", "2018/09/10", "2018/09/10"], ["7373", "2018/09/10", "2018/09/10"], ["7373", "2018/09/10", "2018/09/10"], ["7373", "2018/09/10", "2018/09/10"], ["7373", "2018/09/10", "2018/09/10"], ["7373", "2018/09/10", "2018/09/10"], ["7373", "2018/09/10", "2018/09/10"], ["7373", "2018/09/10", "2018/09/10"], ["7373", "2018/09/10", "2018/09/10"], ["7373", "2018/09/10", "2018/09/10"], ["7373", "2018/09/10", "2018/09/10"], ["7373", "2018/09/10", "2018/09/10"], ["7373", "2018/09/10", "2018/09/10"], ["7373", "2018/09/10", "2018/09/10"], ["7373", "2018/09/10", "2018/09/10"], ["7373", "2018/09/10", "2018/09/10"], ["7373", "2018/09/10", "2018/09/10"], ["7373", "2018/09/10", "2018/09/10"], ["7373", "2018/09/10", "2018/09/10"], ["7373", "2018/09/10", "2018/09/10"], ["7373", "2018/09/10", "2018/09/10"], ["7373", "2018/09/10", "2018/09/10"], ["7373", "2018/09/10", "2018/09/10"], ["7373", "2018/09/10", "2018/09/10"], ["7373", "2018/09/10", "2018/09/10"], ["7373", "2018/09/10", "2018/09/10"], ["7373", "2018/09/10", "2018/09/10"], ["7373", "2018/09/10", "2018/09/10"], ["7373", "2018/09/10", "2018/09/10"], ["7373", "2018/09/10", "2018/09/10"], ["7373", "2018/09/10", "2018/09/10"], ["7373", "2018/09/10", "2018/09/10"], ["7373", "2018/09/10", "2018/09/10"], ["7373", "2018/09/10", "2018/09/10"], ["7373", "2018/09/10", "2018/09/10"], ["7373", "2018/09/10", "2018/09/10"]], "tags": ["bin italia", "social innovation", "welfare", "arts", "fine del lavoro", "free", "internet of things", "reddito di cittadinanza", "salute", "cultura", "inclusion", "17 oktober", "refugees", "digital commons", "feminism", "citizen protest", "environmental sustainability", "culture", "sapere critico", "precariet\u00e0", "reddito di base", "reddito minimo garantito", "beni comuni", "gender", "altro", "trasporti", "disoccupazione", "antirazzismo", "antisessismo", "amore", "gratis", "cultural ev