[{"directed": false, "graph": {}, "nodes": [{"nodemeta": ["story", "social", "transaction"], "comment_story": [["37", "2018/06/25", "2018/06/25"], ["7539", "2018/06/25", "2018/06/25"], ["37", "2018/06/25", "2018/06/25"], ["7540", "2018/06/28", "2018/06/28"], ["37", "2018/06/28", "2018/06/28"]], "name": "Commonfare", "tags": [], "edgetotals": {"transaction": 10.0, "story": 6.0, "social": 24.0, "listing": 0}, "type": "commoner", "cumu_totals": {"listing": 0.0, "story": 0.15, "transaction": 0.25, "social": 0.6}, "comment_listing": [], "create_listing": [], "conversation": [["136", "2018/06/21", "2018/06/25"], ["37", "2018/06/21", "2018/06/30"], ["3", "2018/06/21", "2018/06/21"], ["22", "2018/06/21", "2018/06/30"], ["135", "2018/06/21", "2018/06/26"], ["142", "2018/06/23", "2018/06/26"]], "pagerank": 0.16874573922282024, "avg_totals": {"listing": 0.0, "story": 0.6, "transaction": 1.0, "social": 2.4}, "label": "commoner_48", "date": "2018/06/17", "transaction": [["133", "2018/06/18", "2018/06/18"], ["133", "2018/06/25", "2018/06/25"], ["37", "2018/06/27", "2018/06/27"], ["151", "2018/06/27", "2018/06/27"]], "kcore": 10, "stats": {"2018/06/28": {"story": {"comment_story": [1, 2]}}, "story": {"rcreate_story": [], "comment_story": [["37", "2018/06/25", "2018/06/25"], ["37", "2018/06/25", "2018/06/25"], ["37", "2018/06/28", "2018/06/28"]], "rcomment_story": [], "create_story": []}, "transaction": {"rtransaction": [], "transaction": [["133", "2018/06/18", "2018/06/18"], ["133", "2018/06/25", "2018/06/25"], ["37", "2018/06/27", "2018/06/27"], ["151", "2018/06/27", "2018/06/27"]]}, "2018/06/18": {"transaction": {"transaction": [1, 4]}}, "2018/06/21": {"social": {"conversation": [5, 20]}}, "2018/06/23": {"social": {"conversation": [1, 4]}}, "2018/06/25": {"story": {"comment_story": [2, 4]}, "transaction": {"transaction": [1, 4]}}, "2018/06/27": {"transaction": {"transaction": [2, 8]}}, "social": {"conversation": [["37", "2018/06/21", "2018/06/30"], ["136", "2018/06/21", "2018/06/25"], ["135", "2018/06/21", "2018/06/26"], ["3", "2018/06/21", "2018/06/21"], ["22", "2018/06/21", "2018/06/30"], ["142", "2018/06/23", "2018/06/26"]], "rconversation": []}}, "id": "37", "create_story": [], "spells": [["2018/06/25", "2018/06/25"], ["2018/06/25", "2018/06/25"], ["2018/06/25", "2018/06/25"], ["2018/06/28", "2018/06/28"], ["2018/06/28", "2018/06/28"], ["2018/06/21", "2018/06/25"], ["2018/06/21", "2018/06/30"], ["2018/06/21", "2018/06/21"], ["2018/06/21", "2018/06/30"], ["2018/06/21", "2018/06/26"], ["2018/06/23", "2018/06/26"], ["2018/06/18", "2018/06/18"], ["2018/06/25", "2018/06/25"], ["2018/06/27", "2018/06/27"], ["2018/06/27", "2018/06/27"]]}, {"kcore": 4, "stats": {"2018/06/21": {"social": {"conversation": [1, 4]}}, "social": {"conversation": [["135", "2018/06/21", "2018/06/26"]], "rconversation": []}}, "name": "KikeCs", "tags": [], "cumu_totals": {"social": 4.0, "story": 0.0, "transaction": 0.0, "listing": 0.0}, "label": "commoner_146", "conversation": [["135", "2018/06/21", "2018/06/26"]], "pagerank": 0.01994040275931289, "edgetotals": {"transaction": 0, "story": 0, "social": 4.0, "listing": 0}, "date": "2018/06/17", "avg_totals": {"social": 16.0, "story": 0.0, "transaction": 0.0, "listing": 0.0}, "nodemeta": ["social"], "type": "commoner", "id": "135", "spells": [["2018/06/21", "2018/06/26"]]}], "links": [{"edgemeta": ["social"], "target": "135", "weight": 1.0, "source": "37", "label": "conversation_11+date_start=2018/06/21+date_end=2018/06/26", "conversation": [["135", "2018/06/21", "2018/06/26"]], "edgeweight": {"37": 4.0, "135": 4.0}, "id": "1529", "spells": [["2018/06/21", "2018/06/26"]]}], "multigraph": false}]