[{"directed": false, "graph": {}, "nodes": [{"nodemeta": ["story", "story", "story"], "comment_story": [["37", "2018/07/11", "2018/07/11"], ["8", "2018/07/06", "2018/07/06"], ["24", "2018/07/06", "2018/07/06"], ["7090", "2018/07/19", "2018/07/19"]], "edgetotals": {"transaction": 0, "story": 8.0, "social": 0, "listing": 0}, "tag_story": [["7462", "2018/07/06", "2018/07/06"], ["7462", "2018/07/06", "2018/07/06"], ["7462", "2018/07/06", "2018/07/06"], ["7462", "2018/07/06", "2018/07/06"], ["7462", "2018/07/06", "2018/07/06"]], "spells": [["2018/07/11", "2018/07/11"], ["2018/07/06", "2018/07/06"], ["2018/07/06", "2018/07/06"], ["2018/07/06", "2018/07/06"], ["2018/07/06", "2018/07/06"], ["2018/07/06", "2018/07/06"], ["2018/07/06", "2018/07/06"], ["2018/07/06", "2018/07/06"], ["2018/07/19", "2018/07/19"]], "title": "#sogniperstrada Antigone Osservatorio sulla ndrangheta", "label": "story_222", "avg_totals": {"listing": 0.0, "story": 4.0, "transaction": 0.0, "social": 0.0}, "date": "2018/08/06", "stats": {"2018/07/11": {"story": {"rcomment_story": [1, 2]}}, "story": {"rtag_story": [], "comment_story": [], "rcomment_story": [["24", "2018/07/06", "2018/07/06"], ["7090", "2018/07/19", "2018/07/19"], ["37", "2018/07/11", "2018/07/11"], ["8", "2018/07/06", "2018/07/06"]], "tag_story": [["7462", "2018/07/06", "2018/07/06"], ["7462", "2018/07/06", "2018/07/06"], ["7462", "2018/07/06", "2018/07/06"], ["7462", "2018/07/06", "2018/07/06"], ["7462", "2018/07/06", "2018/07/06"]]}, "2018/07/06": {"story": {"rcomment_story": [2, 4], "tag_story": [5, 0]}}, "2018/07/19": {"story": {"rcomment_story": [1, 2]}}}, "kcore": 4, "type": "story", "id": "7462", "tags": ["dal basso", "arte", "arte di strada", "bellezza", "lotta alla ndrangheta"], "cumu_totals": {"listing": 0.0, "story": 1.0, "transaction": 0.0, "social": 0.0}}, {"avg_totals": {"social": 0.0, "story": 16.0, "transaction": 0.0, "listing": 0.0}, "nodemeta": ["story"], "stats": {"story": {"comment_story": [["7090", "2018/07/19", "2018/07/19"]], "rcomment_story": []}, "2018/07/19": {"story": {"comment_story": [1, 2]}}}, "name": "Osservatorio sulla ndrangheta", "tags": [], "cumu_totals": {"social": 0.0, "story": 4.0, "transaction": 0.0, "listing": 0.0}, "label": "commoner_7101", "edgetotals": {"transaction": 0, "story": 8.0, "social": 0, "listing": 0}, "date": "2018/08/06", "comment_story": [["37", "2018/07/11", "2018/07/11"], ["8", "2018/07/06", "2018/07/06"], ["7090", "2018/07/19", "2018/07/19"], ["24", "2018/07/06", "2018/07/06"], ["7090", "2018/07/19", "2018/07/19"], ["7090", "2018/07/19", "2018/07/19"]], "kcore": 4, "type": "commoner", "id": "7090", "spells": [["2018/07/11", "2018/07/11"], ["2018/07/06", "2018/07/06"], ["2018/07/19", "2018/07/19"], ["2018/07/06", "2018/07/06"], ["2018/07/19", "2018/07/19"], ["2018/07/19", "2018/07/19"]]}], "links": [{"edgemeta": ["story"], "comment_story": [["7090", "2018/07/19", "2018/07/19"]], "target": "7090", "weight": 1.0, "label": "comment_87+date_start=2018/07/19", "source": "7462", "edgeweight": {"7462": 2.0, "7090": 2.0}, "id": "962", "spells": [["2018/07/19", "2018/07/19"]]}], "multigraph": false}, {"directed": false, "graph": {}, "nodes": [{"nodemeta": ["story", "story", "story"], "comment_story": [["37", "2018/07/11", "2018/07/11"], ["8", "2018/07/06", "2018/07/06"], ["24", "2018/07/06", "2018/07/06"], ["7090", "2018/07/19", "2018/07/19"]], "edgetotals": {"transaction": 0, "story": 8.0, "social": 0, "listing": 0}, "tag_story": [["7462", "2018/07/06", "2018/07/06"], ["7462", "2018/07/06", "2018/07/06"], ["7462", "2018/07/06", "2018/07/06"], ["7462", "2018/07/06", "2018/07/06"], ["7462", "2018/07/06", "2018/07/06"]], "spells": [["2018/07/11", "2018/07/11"], ["2018/07/06", "2018/07/06"], ["2018/07/06", "2018/07/06"], ["2018/07/06", "2018/07/06"], ["2018/07/06", "2018/07/06"], ["2018/07/06", "2018/07/06"], ["2018/07/06", "2018/07/06"], ["2018/07/06", "2018/07/06"], ["2018/07/19", "2018/07/19"]], "title": "#sogniperstrada Antigone Osservatorio sulla ndrangheta", "label": "story_222", "avg_totals": {"listing": 0.0, "story": 4.0, "transaction": 0.0, "social": 0.0}, "date": "2018/07/23", "stats": {"2018/07/11": {"story": {"rcomment_story": [1, 2]}}, "story": {"rtag_story": [], "comment_story": [], "rcomment_story": [["24", "2018/07/06", "2018/07/06"], ["7090", "2018/07/19", "2018/07/19"], ["37", "2018/07/11", "2018/07/11"], ["8", "2018/07/06", "2018/07/06"]], "tag_story": [["7462", "2018/07/06", "2018/07/06"], ["7462", "2018/07/06", "2018/07/06"], ["7462", "2018/07/06", "2018/07/06"], ["7462", "2018/07/06", "2018/07/06"], ["7462", "2018/07/06", "2018/07/06"]]}, "2018/07/06": {"story": {"rcomment_story": [2, 4], "tag_story": [5, 0]}}, "2018/07/19": {"story": {"rcomment_story": [1, 2]}}}, "kcore": 4, "type": "story", "id": "7462", "tags": ["dal basso", "arte", "arte di strada", "bellezza", "lotta alla ndrangheta"], "cumu_totals": {"listing": 0.0, "story": 1.0, "transaction": 0.0, "social": 0.0}}, {"avg_totals": {"social": 0.0, "story": 16.0, "transaction": 0.0, "listing": 0.0}, "nodemeta": ["story"], "stats": {"story": {"comment_story": [["7090", "2018/07/19", "2018/07/19"]], "rcomment_story": []}, "2018/07/19": {"story": {"comment_story": [1, 2]}}}, "name": "Osservatorio sulla ndrangheta", "tags": [], "cumu_totals": {"social": 0.0, "story": 4.0, "transaction": 0.0, "listing": 0.0}, "label": "commoner_7101", "edgetotals": {"transaction": 0, "story": 8.0, "social": 0, "listing": 0}, "date": "2018/07/23", "comment_story": [["37", "2018/07/11", "2018/07/11"], ["8", "2018/07/06", "2018/07/06"], ["7090", "2018/07/19", "2018/07/19"], ["24", "2018/07/06", "2018/07/06"], ["7090", "2018/07/19", "2018/07/19"], ["7090", "2018/07/19", "2018/07/19"]], "kcore": 4, "type": "commoner", "id": "7090", "spells": [["2018/07/11", "2018/07/11"], ["2018/07/06", "2018/07/06"], ["2018/07/19", "2018/07/19"], ["2018/07/06", "2018/07/06"], ["2018/07/19", "2018/07/19"], ["2018/07/19", "2018/07/19"]]}], "links": [{"edgemeta": ["story"], "comment_story": [["7090", "2018/07/19", "2018/07/19"]], "target": "7090", "weight": 1.0, "label": "comment_87+date_start=2018/07/19", "source": "7462", "edgeweight": {"7462": 2.0, "7090": 2.0}, "id": "962", "spells": [["2018/07/19", "2018/07/19"]]}], "multigraph": false}, {"directed": false, "graph": {}, "nodes": [{"nodemeta": ["story", "story", "story"], "comment_story": [["37", "2018/07/11", "2018/07/11"], ["8", "2018/07/06", "2018/07/06"], ["24", "2018/07/06", "2018/07/06"], ["7090", "2018/07/19", "2018/07/19"]], "edgetotals": {"transaction": 0, "story": 8.0, "social": 0, "listing": 0}, "tag_story": [["7462", "2018/07/06", "2018/07/06"], ["7462", "2018/07/06", "2018/07/06"], ["7462", "2018/07/06", "2018/07/06"], ["7462", "2018/07/06", "2018/07/06"], ["7462", "2018/07/06", "2018/07/06"]], "spells": [["2018/07/11", "2018/07/11"], ["2018/07/06", "2018/07/06"], ["2018/07/06", "2018/07/06"], ["2018/07/06", "2018/07/06"], ["2018/07/06", "2018/07/06"], ["2018/07/06", "2018/07/06"], ["2018/07/06", "2018/07/06"], ["2018/07/06", "2018/07/06"], ["2018/07/19", "2018/07/19"]], "title": "#sogniperstrada Antigone Osservatorio sulla ndrangheta", "label": "story_222", "avg_totals": {"listing": 0.0, "story": 4.0, "transaction": 0.0, "social": 0.0}, "date": "2018/07/09", "stats": {"2018/07/11": {"story": {"rcomment_story": [1, 2]}}, "story": {"rtag_story": [], "comment_story": [], "rcomment_story": [["24", "2018/07/06", "2018/07/06"], ["7090", "2018/07/19", "2018/07/19"], ["37", "2018/07/11", "2018/07/11"], ["8", "2018/07/06", "2018/07/06"]], "tag_story": [["7462", "2018/07/06", "2018/07/06"], ["7462", "2018/07/06", "2018/07/06"], ["7462", "2018/07/06", "2018/07/06"], ["7462", "2018/07/06", "2018/07/06"], ["7462", "2018/07/06", "2018/07/06"]]}, "2018/07/06": {"story": {"rcomment_story": [2, 4], "tag_story": [5, 0]}}, "2018/07/19": {"story": {"rcomment_story": [1, 2]}}}, "kcore": 4, "type": "story", "id": "7462", "tags": ["dal basso", "arte", "arte di strada", "bellezza", "lotta alla ndrangheta"], "cumu_totals": {"listing": 0.0, "story": 1.0, "transaction": 0.0, "social": 0.0}}, {"avg_totals": {"social": 0.0, "story": 16.0, "transaction": 0.0, "listing": 0.0}, "nodemeta": ["story"], "stats": {"story": {"comment_story": [["7090", "2018/07/19", "2018/07/19"]], "rcomment_story": []}, "2018/07/19": {"story": {"comment_story": [1, 2]}}}, "name": "Osservatorio sulla ndrangheta", "tags": [], "cumu_totals": {"social": 0.0, "story": 4.0, "transaction": 0.0, "listing": 0.0}, "label": "commoner_7101", "edgetotals": {"transaction": 0, "story": 8.0, "social": 0, "listing": 0}, "date": "2018/07/09", "comment_story": [["37", "2018/07/11", "2018/07/11"], ["8", "2018/07/06", "2018/07/06"], ["7090", "2018/07/19", "2018/07/19"], ["24", "2018/07/06", "2018/07/06"], ["7090", "2018/07/19", "2018/07/19"], ["7090", "2018/07/19", "2018/07/19"]], "kcore": 4, "type": "commoner", "id": "7090", "spells": [["2018/07/11", "2018/07/11"], ["2018/07/06", "2018/07/06"], ["2018/07/19", "2018/07/19"], ["2018/07/06", "2018/07/06"], ["2018/07/19", "2018/07/19"], ["2018/07/19", "2018/07/19"]]}], "links": [{"edgemeta": ["story"], "comment_story": [["7090", "2018/07/19", "2018/07/19"]], "target": "7090", "weight": 1.0, "label": "comment_87+date_start=2018/07/19", "source": "7462", "edgeweight": {"7462": 2.0, "7090": 2.0}, "id": "962", "spells": [["2018/07/19", "2018/07/19"]]}], "multigraph": false}, {"directed": false, "graph": {}, "nodes": [{"avg_totals": {"social": 0.0, "story": 8.0, "transaction": 0.0, "listing": 0.0}, "nodemeta": ["story"], "stats": {}, "name": "Osservatorio sulla ndrangheta", "tags": [], "cumu_totals": {"social": 0.0, "story": 2.0, "transaction": 0.0, "listing": 0.0}, "label": "commoner_7101", "edgetotals": {"transaction": 0, "story": 4.0, "social": 0, "listing": 0}, "date": "2018/06/25", "comment_story": [["8", "2018/07/06", "2018/07/06"], ["24", "2018/07/06", "2018/07/06"]], "kcore": 2, "type": "commoner", "id": "7090", "spells": [["2018/07/11", "2018/07/11"], ["2018/07/06", "2018/07/06"], ["2018/07/19", "2018/07/19"], ["2018/07/06", "2018/07/06"], ["2018/07/19", "2018/07/19"], ["2018/07/19", "2018/07/19"]]}], "links": [], "multigraph": false}]