{"directed": false, "graph": {}, "nodes": [{"nodemeta": ["story"], "stats": {"2018/03/09": {"story": {"create_story": [1, 2]}}, "story": {"rcreate_story": [], "create_story": [["85", "2018/03/09", "2018/03/09"], ["85", "2018/03/09", "2018/03/09"]]}}, "name": "jo_condor", "tags": [], "spells": [["2018/03/09", "2018/03/09"], ["2018/10/05", "2018/10/05"]], "label": "commoner_96", "edgetotals": {"transaction": 0, "story": 2.0, "social": 0, "listing": 0}, "date": "2016/06/01", "avg_totals": {"listing": 0.0, "story": 4.0, "transaction": 0.0, "social": 0.0}, "kcore": 2, "type": "commoner", "id": "85", "create_story": [["85", "2018/03/09", "2018/03/09"]], "cumu_totals": {"listing": 0.0, "story": 1.0, "transaction": 0.0, "social": 0.0}}, {"kcore": 0, "stats": {"": {"rtag_commoner": [], "tag_commoner": [["7401", "2018/09/17", "2018/09/17"]]}, "story": {"rtag_story": [], "tag_story": [["7589", "2018/09/17", "2018/09/17"], ["7594", "2018/09/21", "2018/09/21"], ["7600", "2018/10/02", "2018/10/02"], ["7549", "2018/07/06", "2018/07/06"], ["7525", "2018/03/09", "2018/03/09"]]}}, "tag_commoner": [["7401", "2018/09/17", "2018/09/17"]], "tag_story": [["7525", "2018/03/09", "2018/03/09"], ["7589", "2018/09/17", "2018/09/17"], ["7594", "2018/09/21", "2018/09/21"], ["7600", "2018/10/02", "2018/10/02"], ["7549", "2018/07/06", "2018/07/06"]], "spells": [["2018/03/09", "2018/03/09"], ["2018/09/17", "2018/09/17"], ["2018/09/17", "2018/09/17"], ["2018/09/21", "2018/09/21"], ["2018/10/02", "2018/10/02"], ["2018/07/06", "2018/07/06"]], "tags": ["arte", "arte", "arte", "arte", "arte", "arte"], "label": "tag_322", "cumu_totals": {"listing": 0, "story": 0, "transaction": 0, "social": 0}, "edgetotals": {"transaction": 0, "story": 0, "social": 0, "listing": 0}, "date": "2016/06/01", "avg_totals": {"listing": 0, "story": 0, "transaction": 0, "social": 0}, "nodemeta": ["", "story"], "type": "tag", "id": "7888", "name": "arte"}, {"kcore": 0, "stats": {"": {"rtag_commoner": [], "tag_commoner": [["7373", "2018/09/10", "2018/09/10"], ["7425", "2018/10/06", "2018/10/06"], ["7416", "2018/09/26", "2018/09/26"], ["137", "2018/06/22", "2018/06/22"], ["7401", "2018/09/17", "2018/09/17"]]}, "story": {"rtag_story": [], "tag_story": [["7589", "2018/09/17", "2018/09/17"], ["7596", "2018/09/26", "2018/09/26"], ["7586", "2018/09/15", "2018/09/15"], ["7594", "2018/09/21", "2018/09/21"], ["7600", "2018/10/02", "2018/10/02"], ["7597", "2018/09/26", "2018/09/26"], ["7515", "2018/02/18", "2018/02/18"], ["7525", "2018/03/09", "2018/03/09"], ["7529", "2018/05/09", "2018/05/09"], ["7547", "2018/07/05", "2018/07/05"]]}}, "tag_commoner": [["7373", "2018/09/10", "2018/09/10"], ["7401", "2018/09/17", "2018/09/17"], ["7416", "2018/09/26", "2018/09/26"], ["7425", "2018/10/06", "2018/10/06"], ["137", "2018/06/22", "2018/06/22"]], "tag_story": [["7515", "2018/02/18", "2018/02/18"], ["7525", "2018/03/09", "2018/03/09"], ["7529", "2018/05/09", "2018/05/09"], ["7547", "2018/07/05", "2018/07/05"], ["7586", "2018/09/15", "2018/09/15"], ["7589", "2018/09/17", "2018/09/17"], ["7594", "2018/09/21", "2018/09/21"], ["7596", "2018/09/26", "2018/09/26"], ["7600", "2018/10/02", "2018/10/02"], ["7597", "2018/09/26", "2018/09/26"]], "spells": [["2018/02/18", "2018/02/18"], ["2018/03/09", "2018/03/09"], ["2018/05/09", "2018/05/09"], ["2018/07/05", "2018/07/05"], ["2018/09/10", "2018/09/10"], ["2018/09/15", "2018/09/15"], ["2018/09/17", "2018/09/17"], ["2018/09/17", "2018/09/17"], ["2018/09/21", "2018/09/21"], ["2018/09/26", "2018/09/26"], ["2018/10/02", "2018/10/02"], ["2018/09/26", "2018/09/26"], ["2018/10/06", "2018/10/06"], ["2018/06/22", "2018/06/22"], ["2018/09/26", "2018/09/26"]], "tags": ["cultura", "cultura", "cultura", "cultura", "cultura", "cultura", "cultura", "cultura", "cultura", "cultura", "cultura", "cultura", "cultura", "cultura", "cultura"], "label": "tag_292", "cumu_totals": {"listing": 0, "story": 0, "transaction": 0, "social": 0}, "edgetotals": {"transaction": 0, "story": 0, "social": 0, "listing": 0}, "date": "2016/06/01", "avg_totals": {"listing": 0, "story": 0, "transaction": 0, "social": 0}, "nodemeta": ["", "story"], "type": "tag", "id": "7863", "name": "cultura"}, {"kcore": 2, "stats": {"2018/03/09": {"story": {"tag_story": [8, 0]}}, "story": {"rcreate_story": [], "rtag_story": [], "create_story": [["85", "2018/03/09", "2018/03/09"]], "tag_story": [["7525", "2018/03/09", "2018/03/09"], ["7525", "2018/03/09", "2018/03/09"], ["7525", "2018/03/09", "2018/03/09"], ["7525", "2018/03/09", "2018/03/09"], ["7525", "2018/03/09", "2018/03/09"], ["7525", "2018/03/09", "2018/03/09"], ["7525", "2018/03/09", "2018/03/09"], ["7525", "2018/03/09", "2018/03/09"], ["7525", "2018/03/09", "2018/03/09"], ["7525", "2018/03/09", "2018/03/09"], ["7525", "2018/03/09", "2018/03/09"], ["7525", "2018/03/09", "2018/03/09"], ["7525", "2018/03/09", "2018/03/09"], ["7525", "2018/03/09", "2018/03/09"], ["7525", "2018/03/09", "2018/03/09"], ["7525", "2018/03/09", "2018/03/09"]]}}, "tag_story": [["7525", "2018/03/09", "2018/03/09"], ["7525", "2018/03/09", "2018/03/09"], ["7525", "2018/03/09", "2018/03/09"], ["7525", "2018/03/09", "2018/03/09"], ["7525", "2018/03/09", "2018/03/09"], ["7525", "2018/03/09", "2018/03/09"], ["7525", "2018/03/09", "2018/03/09"], ["7525", "2018/03/09", "2018/03/09"]], "title": "Per la Regione Lazio i giovani disoccupati passano il tempo sul divano a masturbarsi!", "label": "story_140", "cumu_totals": {"social": 0.0, "story": 2.0, "transaction": 0.0, "listing": 0.0}, "edgetotals": {"transaction": 0, "story": 2.0, "social": 0, "listing": 0}, "create_story": [["85", "2018/03/09", "2018/03/09"]], "date": "2016/06/01", "avg_totals": {"social": 0.0, "story": 8.0, "transaction": 0.0, "listing": 0.0}, "nodemeta": ["story", "story", "story"], "type": "story", "id": "7525", "tags": ["cultura", "arte", "reddito di base", "reddito minimo garantito", "workfare", "diritto", "video", "regione lazio"], "spells": [["2018/03/09", "2018/03/09"], ["2018/03/09", "2018/03/09"], ["2018/03/09", "2018/03/09"], ["2018/03/09", "2018/03/09"], ["2018/03/09", "2018/03/09"], ["2018/03/09", "2018/03/09"], ["2018/03/09", "2018/03/09"], ["2018/03/09", "2018/03/09"], ["2018/03/09", "2018/03/09"]]}, {"kcore": 0, "stats": {"": {"rtag_commoner": [], "tag_commoner": [["7373", "2018/09/10", "2018/09/10"], ["7410", "2018/09/24", "2018/09/24"]]}, "story": {"rtag_story": [], "tag_story": [["7564", "2018/08/17", "2018/08/17"], ["7563", "2018/08/17", "2018/08/17"], ["7577", "2018/09/10", "2018/09/10"], ["7598", "2018/09/26", "2018/09/26"], ["7603", "2018/10/06", "2018/10/06"], ["7580", "2018/09/12", "2018/09/12"], ["7602", "2018/10/04", "2018/10/04"], ["7568", "2018/08/23", "2018/08/23"], ["7539", "2018/06/15", "2018/06/15"], ["7525", "2018/03/09", "2018/03/09"], ["7553", "2018/07/11", "2018/07/11"], ["7528", "2018/04/16", "2018/04/16"], ["7556", "2018/07/13", "2018/07/13"]]}}, "tag_commoner": [["7373", "2018/09/10", "2018/09/10"], ["7410", "2018/09/24", "2018/09/24"]], "tag_story": [["7525", "2018/03/09", "2018/03/09"], ["7528", "2018/04/16", "2018/04/16"], ["7539", "2018/06/15", "2018/06/15"], ["7553", "2018/07/11", "2018/07/11"], ["7556", "2018/07/13", "2018/07/13"], ["7563", "2018/08/17", "2018/08/17"], ["7564", "2018/08/17", "2018/08/17"], ["7568", "2018/08/23", "2018/08/23"], ["7577", "2018/09/10", "2018/09/10"], ["7580", "2018/09/12", "2018/09/12"], ["7598", "2018/09/26", "2018/09/26"], ["7602", "2018/10/04", "2018/10/04"], ["7603", "2018/10/06", "2018/10/06"]], "spells": [["2018/03/09", "2018/03/09"], ["2018/04/16", "2018/04/16"], ["2018/06/15", "2018/06/15"], ["2018/07/11", "2018/07/11"], ["2018/07/13", "2018/07/13"], ["2018/08/17", "2018/08/17"], ["2018/08/17", "2018/08/17"], ["2018/08/23", "2018/08/23"], ["2018/09/10", "2018/09/10"], ["2018/09/10", "2018/09/10"], ["2018/09/12", "2018/09/12"], ["2018/09/26", "2018/09/26"], ["2018/10/04", "2018/10/04"], ["2018/10/06", "2018/10/06"], ["2018/09/24", "2018/09/24"]], "tags": ["reddito di base", "reddito di base", "reddito di base", "reddito di base", "reddito di base", "reddito di base", "reddito di base", "reddito di base", "reddito di base", "reddito di base", "reddito di base", "reddito di base", "reddito di base", "reddito di base", "reddito di base"], "label": "tag_313", "cumu_totals": {"listing": 0, "story": 0, "transaction": 0, "social": 0}, "edgetotals": {"transaction": 0, "story": 0, "social": 0, "listing": 0}, "date": "2016/06/01", "avg_totals": {"listing": 0, "story": 0, "transaction": 0, "social": 0}, "nodemeta": ["", "story"], "type": "tag", "id": "7881", "name": "reddito di base"}, {"kcore": 0, "stats": {"": {"rtag_commoner": [], "tag_commoner": [["7373", "2018/09/10", "2018/09/10"], ["7410", "2018/09/24", "2018/09/24"]]}, "story": {"rtag_story": [], "tag_story": [["7577", "2018/09/10", "2018/09/10"], ["7602", "2018/10/04", "2018/10/04"], ["7525", "2018/03/09", "2018/03/09"], ["7528", "2018/04/16", "2018/04/16"]]}}, "tag_commoner": [["7373", "2018/09/10", "2018/09/10"], ["7410", "2018/09/24", "2018/09/24"]], "tag_story": [["7525", "2018/03/09", "2018/03/09"], ["7528", "2018/04/16", "2018/04/16"], ["7577", "2018/09/10", "2018/09/10"], ["7602", "2018/10/04", "2018/10/04"]], "spells": [["2018/03/09", "2018/03/09"], ["2018/04/16", "2018/04/16"], ["2018/09/10", "2018/09/10"], ["2018/09/10", "2018/09/10"], ["2018/10/04", "2018/10/04"], ["2018/09/24", "2018/09/24"]], "tags": ["reddito minimo garantito", "reddito minimo garantito", "reddito minimo garantito", "reddito minimo garantito", "reddito minimo garantito", "reddito minimo garantito"], "label": "tag_314", "cumu_totals": {"listing": 0, "story": 0, "transaction": 0, "social": 0}, "edgetotals": {"transaction": 0, "story": 0, "social": 0, "listing": 0}, "date": "2016/06/01", "avg_totals": {"listing": 0, "story": 0, "transaction": 0, "social": 0}, "nodemeta": ["", "story"], "type": "tag", "id": "7882", "name": "reddito minimo garantito"}, {"nodemeta": ["story"], "stats": {"story": {"rtag_story": [], "tag_story": [["7525", "2018/03/09", "2018/03/09"]]}}, "name": "workfare", "tags": ["workfare"], "spells": [["2018/03/09", "2018/03/09"]], "tag_story": [["7525", "2018/03/09", "2018/03/09"]], "label": "tag_319", "edgetotals": {"transaction": 0, "story": 0, "social": 0, "listing": 0}, "date": "2016/06/01", "avg_totals": {"listing": 0, "story": 0, "transaction": 0, "social": 0}, "kcore": 0, "type": "tag", "id": "7885", "cumu_totals": {"listing": 0, "story": 0, "transaction": 0, "social": 0}}, {"nodemeta": ["story"], "stats": {"story": {"rtag_story": [], "tag_story": [["7596", "2018/09/26", "2018/09/26"], ["7569", "2018/08/24", "2018/08/24"], ["7525", "2018/03/09", "2018/03/09"]]}}, "name": "diritto", "tags": ["diritto", "diritto", "diritto"], "spells": [["2018/03/09", "2018/03/09"], ["2018/08/24", "2018/08/24"], ["2018/09/26", "2018/09/26"]], "tag_story": [["7525", "2018/03/09", "2018/03/09"], ["7569", "2018/08/24", "2018/08/24"], ["7596", "2018/09/26", "2018/09/26"]], "label": "tag_317", "edgetotals": {"transaction": 0, "story": 0, "social": 0, "listing": 0}, "date": "2016/06/01", "avg_totals": {"listing": 0, "story": 0, "transaction": 0, "social": 0}, "kcore": 0, "type": "tag", "id": "7884", "cumu_totals": {"listing": 0, "story": 0, "transaction": 0, "social": 0}}, {"nodemeta": ["story"], "stats": {"story": {"rtag_story": [], "tag_story": [["7525", "2018/03/09", "2018/03/09"]]}}, "name": "video", "tags": ["video"], "spells": [["2018/03/09", "2018/03/09"]], "tag_story": [["7525", "2018/03/09", "2018/03/09"]], "label": "tag_321", "edgetotals": {"transaction": 0, "story": 0, "social": 0, "listing": 0}, "date": "2016/06/01", "avg_totals": {"listing": 0, "story": 0, "transaction": 0, "social": 0}, "kcore": 0, "type": "tag", "id": "7887", "cumu_totals": {"listing": 0, "story": 0, "transaction": 0, "social": 0}}, {"nodemeta": ["story"], "stats": {"story": {"rtag_story": [], "tag_story": [["7525", "2018/03/09", "2018/03/09"]]}}, "name": "regione lazio", "tags": ["regione lazio"], "spells": [["2018/03/09", "2018/03/09"]], "tag_story": [["7525", "2018/03/09", "2018/03/09"]], "label": "tag_320", "edgetotals": {"transaction": 0, "story": 0, "social": 0, "listing": 0}, "date": "2016/06/01", "avg_totals": {"listing": 0, "story": 0, "transaction": 0, "social": 0}, "kcore": 0, "type": "tag", "id": "7886", "cumu_totals": {"listing": 0, "story": 0, "transaction": 0, "social": 0}}], "links": [{"edgemeta": ["story"], "target": "7525", "weight": 1.0, "label": "create_140+date_start=2018/03/09", "source": "85", "edgeweight": {"85": 2.0, "7525": 2.0}, "id": "98", "create_story": [["85", "2018/03/09", "2018/03/09"]], "spells": [["2018/03/09", "2018/03/09"]]}, {"target": "7525", "weight": 1.0, "tag_story": [["7525", "2018/03/09", "2018/03/09"]], "label": "tag_322+date_start=2018/03/09", "source": "7888", "id": "988", "spells": [["2018/03/09", "2018/03/09"]]}, {"target": "7525", "weight": 1.0, "tag_story": [["7525", "2018/03/09", "2018/03/09"]], "label": "tag_292+date_start=2018/03/09", "source": "7863", "id": "910", "spells": [["2018/03/09", "2018/03/09"]]}, {"target": "7881", "weight": 1.0, "tag_story": [["7525", "2018/03/09", "2018/03/09"]], "label": "tag_313+date_start=2018/03/09", "source": "7525", "id": "961", "spells": [["2018/03/09", "2018/03/09"]]}, {"target": "7882", "weight": 1.0, "tag_story": [["7525", "2018/03/09", "2018/03/09"]], "label": "tag_314+date_start=2018/03/09", "source": "7525", "id": "976", "spells": [["2018/03/09", "2018/03/09"]]}, {"target": "7885", "weight": 1.0, "tag_story": [["7525", "2018/03/09", "2018/03/09"]], "label": "tag_319+date_start=2018/03/09", "source": "7525", "id": "984", "spells": [["2018/03/09", "2018/03/09"]]}, {"target": "7884", "weight": 1.0, "tag_story": [["7525", "2018/03/09", "2018/03/09"]], "label": "tag_317+date_start=2018/03/09", "source": "7525", "id": "981", "spells": [["2018/03/09", "2018/03/09"]]}, {"target": "7887", "weight": 1.0, "tag_story": [["7525", "2018/03/09", "2018/03/09"]], "label": "tag_321+date_start=2018/03/09", "source": "7525", "id": "986", "spells": [["2018/03/09", "2018/03/09"]]}, {"target": "7886", "weight": 1.0, "tag_story": [["7525", "2018/03/09", "2018/03/09"]], "label": "tag_320+date_start=2018/03/09", "source": "7525", "id": "985", "spells": [["2018/03/09", "2018/03/09"]]}], "multigraph": false}