{"directed": false, "graph": {}, "nodes": [{"kcore": 0, "stats": {"": {"rtag_commoner": [], "tag_commoner": [["7373", "2018/09/10", "2018/09/10"], ["7410", "2018/09/24", "2018/09/24"]]}, "story": {"rtag_story": [], "tag_story": [["7566", "2018/08/19", "2018/08/19"], ["7578", "2018/09/12", "2018/09/12"], ["7580", "2018/09/12", "2018/09/12"], ["7520", "2018/02/20", "2018/02/20"], ["7581", "2018/09/12", "2018/09/12"], ["7436", "2017/11/15", "2017/11/15"], ["7526", "2018/03/19", "2018/03/19"], ["7528", "2018/04/16", "2018/04/16"], ["7530", "2018/05/13", "2018/05/13"], ["7555", "2018/07/12", "2018/07/12"]]}}, "tag_commoner": [["7373", "2018/09/10", "2018/09/10"], ["7410", "2018/09/24", "2018/09/24"]], "tag_story": [["7436", "2017/11/15", "2017/11/15"], ["7520", "2018/02/20", "2018/02/20"], ["7526", "2018/03/19", "2018/03/19"], ["7528", "2018/04/16", "2018/04/16"], ["7555", "2018/07/12", "2018/07/12"], ["7566", "2018/08/19", "2018/08/19"], ["7578", "2018/09/12", "2018/09/12"], ["7580", "2018/09/12", "2018/09/12"], ["7581", "2018/09/12", "2018/09/12"], ["7530", "2018/05/13", "2018/05/13"]], "spells": [["2017/11/15", "2017/11/15"], ["2018/02/20", "2018/02/20"], ["2018/03/19", "2018/03/19"], ["2018/04/16", "2018/04/16"], ["2018/07/12", "2018/07/12"], ["2018/08/19", "2018/08/19"], ["2018/09/10", "2018/09/10"], ["2018/09/12", "2018/09/12"], ["2018/09/12", "2018/09/12"], ["2018/09/12", "2018/09/12"], ["2018/09/24", "2018/09/24"], ["2018/05/13", "2018/05/13"]], "tags": ["welfare", "welfare", "welfare", "welfare", "welfare", "welfare", "welfare", "welfare", "welfare", "welfare", "welfare", "welfare"], "label": "tag_71", "cumu_totals": {"listing": 0, "story": 0, "transaction": 0, "social": 0}, "edgetotals": {"transaction": 0, "story": 0, "social": 0, "listing": 0}, "date": "2016/06/01", "avg_totals": {"listing": 0, "story": 0, "transaction": 0, "social": 0}, "nodemeta": ["", "story"], "type": "tag", "id": "7662", "name": "welfare"}, {"kcore": 0, "stats": {"": {"rtag_commoner": [], "tag_commoner": [["7373", "2018/09/10", "2018/09/10"]]}, "story": {"rtag_story": [], "tag_story": [["7564", "2018/08/17", "2018/08/17"], ["7577", "2018/09/10", "2018/09/10"], ["7598", "2018/09/26", "2018/09/26"], ["7580", "2018/09/12", "2018/09/12"], ["7603", "2018/10/06", "2018/10/06"], ["7602", "2018/10/04", "2018/10/04"], ["7528", "2018/04/16", "2018/04/16"], ["7529", "2018/05/09", "2018/05/09"]]}}, "tag_commoner": [["7373", "2018/09/10", "2018/09/10"]], "tag_story": [["7528", "2018/04/16", "2018/04/16"], ["7529", "2018/05/09", "2018/05/09"], ["7564", "2018/08/17", "2018/08/17"], ["7577", "2018/09/10", "2018/09/10"], ["7580", "2018/09/12", "2018/09/12"], ["7598", "2018/09/26", "2018/09/26"], ["7602", "2018/10/04", "2018/10/04"], ["7603", "2018/10/06", "2018/10/06"]], "spells": [["2018/04/16", "2018/04/16"], ["2018/05/09", "2018/05/09"], ["2018/08/17", "2018/08/17"], ["2018/09/10", "2018/09/10"], ["2018/09/10", "2018/09/10"], ["2018/09/12", "2018/09/12"], ["2018/09/26", "2018/09/26"], ["2018/10/04", "2018/10/04"], ["2018/10/06", "2018/10/06"]], "tags": ["reddito di cittadinanza", "reddito di cittadinanza", "reddito di cittadinanza", "reddito di cittadinanza", "reddito di cittadinanza", "reddito di cittadinanza", "reddito di cittadinanza", "reddito di cittadinanza", "reddito di cittadinanza"], "label": "tag_343", "cumu_totals": {"listing": 0, "story": 0, "transaction": 0, "social": 0}, "edgetotals": {"transaction": 0, "story": 0, "social": 0, "listing": 0}, "date": "2016/06/01", "avg_totals": {"listing": 0, "story": 0, "transaction": 0, "social": 0}, "nodemeta": ["", "story"], "type": "tag", "id": "7901", "name": "reddito di cittadinanza"}, {"nodemeta": ["story", "story", "social", "transaction"], "comment_story": [["7554", "2018/07/18", "2018/07/18"], ["7582", "2018/09/13", "2018/09/13"], ["7528", "2018/05/03", "2018/05/03"], ["7530", "2018/06/19", "2018/06/19"], ["57", "2018/06/19", "2018/06/19"], ["57", "2018/07/18", "2018/07/18"], ["7558", "2018/07/19", "2018/07/19"], ["57", "2018/07/19", "2018/07/19"], ["7559", "2018/07/19", "2018/07/19"], ["57", "2018/07/19", "2018/07/19"], ["7555", "2018/08/23", "2018/08/23"], ["7577", "2018/09/11", "2018/09/11"], ["57", "2018/09/11", "2018/09/11"], ["7580", "2018/09/12", "2018/09/12"], ["7581", "2018/09/12", "2018/09/12"], ["7581", "2018/09/13", "2018/09/13"], ["57", "2018/10/04", "2018/10/04"], ["7602", "2018/10/06", "2018/10/06"], ["57", "2018/10/06", "2018/10/06"]], "name": "BIN Italia", "tags": [], "edgetotals": {"transaction": 44.0, "story": 63.0, "social": 12.0, "listing": 0}, "cumu_totals": {"listing": 0.0, "story": 0.5294117647058824, "transaction": 0.3697478991596639, "social": 0.10084033613445378}, "label": "commoner_68", "conversation": [["35", "2018/09/24", "2018/09/24"], ["8", "2018/05/01", "2018/09/08"], ["7318", "2018/09/14", "2018/09/14"]], "transaction": [["57", "2018/09/08", "2018/09/08"], ["57", "2018/06/15", "2018/06/15"], ["130", "2018/06/15", "2018/06/15"], ["58", "2018/07/05", "2018/07/05"], ["24", "2018/07/24", "2018/07/24"], ["57", "2018/09/08", "2018/09/08"], ["57", "2018/09/08", "2018/09/08"], ["57", "2018/09/08", "2018/09/08"], ["57", "2018/09/11", "2018/09/11"], ["24", "2018/09/13", "2018/09/13"], ["57", "2018/09/19", "2018/09/19"]], "avg_totals": {"listing": 0.0, "story": 2.1176470588235294, "transaction": 1.4789915966386555, "social": 0.40336134453781514}, "date": "2016/06/01", "stats": {"2018/07/05": {"story": {"create_story": [1, 2]}, "transaction": {"transaction": [1, 4]}}, "2018/07/24": {"transaction": {"transaction": [1, 4]}}, "2018/05/03": {"story": {"rcomment_story": [1, 2]}}, "2018/05/01": {"social": {"conversation": [1, 4]}}, "2018/09/19": {"story": {"create_story": [1, 2]}, "transaction": {"transaction": [1, 4]}}, "2018/09/11": {"story": {"rcomment_story": [1, 2]}, "transaction": {"transaction": [1, 4]}}, "2018/02/18": {"story": {"create_story": [1, 2]}}, "2018/09/13": {"story": {"rcomment_story": [1, 2]}, "transaction": {"transaction": [1, 4]}}, "2018/09/12": {"story": {"rcomment_story": [2, 4], "create_story": [3, 6]}}, "2018/09/14": {"social": {"conversation": [1, 4]}}, "story": {"rcreate_story": [], "comment_story": [], "rcomment_story": [["57", "2018/10/06", "2018/10/06"], ["57", "2018/10/06", "2018/10/06"], ["57", "2018/09/11", "2018/09/11"], ["57", "2018/09/11", "2018/09/11"], ["57", "2018/10/04", "2018/10/04"], ["57", "2018/10/04", "2018/10/04"], ["57", "2018/07/19", "2018/07/19"], ["57", "2018/07/19", "2018/07/19"], ["57", "2018/07/19", "2018/07/19"], ["57", "2018/07/19", "2018/07/19"], ["57", "2018/06/19", "2018/06/19"], ["57", "2018/06/19", "2018/06/19"], ["7581", "2018/09/12", "2018/09/12"], ["7581", "2018/09/12", "2018/09/12"], ["7581", "2018/09/13", "2018/09/13"], ["7580", "2018/09/12", "2018/09/12"], ["7580", "2018/09/12", "2018/09/12"], ["7582", "2018/09/13", "2018/09/13"], ["7582", "2018/09/13", "2018/09/13"], ["7555", "2018/08/23", "2018/08/23"], ["7555", "2018/08/23", "2018/08/23"], ["7528", "2018/05/03", "2018/05/03"], ["7528", "2018/05/03", "2018/05/03"], ["57", "2018/07/18", "2018/07/18"], ["57", "2018/07/18", "2018/07/18"]], "create_story": [["57", "2018/09/26", "2018/09/26"], ["57", "2018/09/26", "2018/09/26"], ["57", "2018/09/21", "2018/09/21"], ["57", "2018/09/21", "2018/09/21"], ["57", "2018/02/18", "2018/02/18"], ["57", "2018/02/18", "2018/02/18"], ["57", "2018/09/19", "2018/09/19"], ["57", "2018/09/19", "2018/09/19"], ["57", "2018/02/20", "2018/02/20"], ["57", "2018/02/20", "2018/02/20"], ["57", "2018/02/20", "2018/02/20"], ["57", "2018/02/20", "2018/02/20"], ["57", "2018/01/23", "2018/01/23"], ["57", "2018/01/23", "2018/01/23"], ["57", "2018/08/17", "2018/08/17"], ["57", "2018/08/17", "2018/08/17"], ["57", "2018/05/16", "2018/05/16"], ["57", "2018/05/16", "2018/05/16"], ["57", "2018/02/20", "2018/02/20"], ["57", "2018/02/20", "2018/02/20"], ["57", "2018/02/20", "2018/02/20"], ["57", "2018/02/20", "2018/02/20"], ["57", "2018/09/12", "2018/09/12"], ["57", "2018/09/12", "2018/09/12"], ["57", "2018/03/21", "2018/03/21"], ["57", "2018/03/21", "2018/03/21"], ["57", "2018/08/17", "2018/08/17"], ["57", "2018/08/17", "2018/08/17"], ["57", "2018/09/12", "2018/09/12"], ["57", "2018/09/12", "2018/09/12"], ["57", "2018/09/12", "2018/09/12"], ["57", "2018/09/12", "2018/09/12"], ["57", "2018/02/20", "2018/02/20"], ["57", "2018/02/20", "2018/02/20"], ["57", "2018/02/20", "2018/02/20"], ["57", "2018/02/20", "2018/02/20"], ["57", "2018/02/20", "2018/02/20"], ["57", "2018/02/20", "2018/02/20"], ["57", "2018/03/19", "2018/03/19"], ["57", "2018/03/19", "2018/03/19"], ["57", "2018/07/12", "2018/07/12"], ["57", "2018/07/12", "2018/07/12"], ["57", "2018/03/01", "2018/03/01"], ["57", "2018/03/01", "2018/03/01"], ["57", "2018/04/16", "2018/04/16"], ["57", "2018/04/16", "2018/04/16"], ["57", "2018/07/10", "2018/07/10"], ["57", "2018/07/10", "2018/07/10"], ["57", "2018/07/05", "2018/07/05"], ["57", "2018/07/05", "2018/07/05"]]}, "2018/06/19": {"story": {"rcomment_story": [1, 2]}}, "2018/06/15": {"transaction": {"transaction": [2, 8]}}, "2018/09/21": {"story": {"create_story": [1, 2]}}, "2018/07/19": {"story": {"rcomment_story": [2, 4]}}, "2018/07/18": {"story": {"rcomment_story": [1, 2]}}, "2018/03/21": {"story": {"create_story": [1, 2]}}, "2018/07/12": {"story": {"create_story": [1, 2]}}, "2018/07/10": {"story": {"create_story": [1, 2]}}, "2018/08/17": {"story": {"create_story": [2, 4]}}, "2018/05/16": {"story": {"create_story": [1, 2]}}, "2018/04/16": {"story": {"create_story": [1, 2]}}, "2018/09/08": {"transaction": {"transaction": [4, 16]}}, "2018/01/23": {"story": {"create_story": [1, 2]}}, "2018/09/24": {"social": {"conversation": [1, 4]}}, "2018/09/26": {"story": {"create_story": [1, 2]}}, "2018/02/20": {"story": {"create_story": [7, 14]}}, "transaction": {"rtransaction": [], "transaction": [["130", "2018/06/15", "2018/06/15"], ["130", "2018/06/15", "2018/06/15"], ["57", "2018/09/08", "2018/09/08"], ["57", "2018/09/08", "2018/09/08"], ["57", "2018/09/08", "2018/09/08"], ["57", "2018/09/08", "2018/09/08"], ["24", "2018/07/24", "2018/07/24"], ["24", "2018/07/24", "2018/07/24"], ["24", "2018/09/13", "2018/09/13"], ["24", "2018/09/13", "2018/09/13"], ["57", "2018/09/19", "2018/09/19"], ["57", "2018/09/19", "2018/09/19"], ["57", "2018/09/08", "2018/09/08"], ["57", "2018/09/08", "2018/09/08"], ["57", "2018/06/15", "2018/06/15"], ["57", "2018/06/15", "2018/06/15"], ["58", "2018/07/05", "2018/07/05"], ["58", "2018/07/05", "2018/07/05"], ["57", "2018/09/11", "2018/09/11"], ["57", "2018/09/11", "2018/09/11"], ["57", "2018/09/08", "2018/09/08"], ["57", "2018/09/08", "2018/09/08"]]}, "2018/03/19": {"story": {"create_story": [1, 2]}}, "2018/10/04": {"story": {"rcomment_story": [1, 2]}}, "2018/10/06": {"story": {"rcomment_story": [1, 2]}}, "2018/03/01": {"story": {"create_story": [1, 2]}}, "social": {"conversation": [["35", "2018/09/24", "2018/09/24"], ["35", "2018/09/24", "2018/09/24"], ["8", "2018/05/01", "2018/09/08"], ["8", "2018/05/01", "2018/09/08"], ["7318", "2018/09/14", "2018/09/14"], ["7318", "2018/09/14", "2018/09/14"]], "rconversation": []}, "2018/08/23": {"story": {"rcomment_story": [1, 2]}}}, "kcore": 6, "type": "commoner", "id": "57", "create_story": [["57", "2018/01/23", "2018/01/23"], ["57", "2018/02/18", "2018/02/18"], ["57", "2018/02/20", "2018/02/20"], ["57", "2018/02/20", "2018/02/20"], ["57", "2018/02/20", "2018/02/20"], ["57", "2018/02/20", "2018/02/20"], ["57", "2018/02/20", "2018/02/20"], ["57", "2018/02/20", "2018/02/20"], ["57", "2018/02/20", "2018/02/20"], ["57", "2018/03/01", "2018/03/01"], ["57", "2018/03/19", "2018/03/19"], ["57", "2018/03/21", "2018/03/21"], ["57", "2018/04/16", "2018/04/16"], ["57", "2018/05/16", "2018/05/16"], ["57", "2018/07/05", "2018/07/05"], ["57", "2018/07/10", "2018/07/10"], ["57", "2018/07/12", "2018/07/12"], ["57", "2018/08/17", "2018/08/17"], ["57", "2018/08/17", "2018/08/17"], ["57", "2018/09/12", "2018/09/12"], ["57", "2018/09/12", "2018/09/12"], ["57", "2018/09/12", "2018/09/12"], ["57", "2018/09/19", "2018/09/19"], ["57", "2018/09/21", "2018/09/21"], ["57", "2018/09/26", "2018/09/26"]], "spells": [["2018/07/18", "2018/07/18"], ["2018/09/13", "2018/09/13"], ["2018/09/24", "2018/09/24"], ["2018/09/08", "2018/09/08"], ["2018/01/23", "2018/01/23"], ["2018/02/18", "2018/02/18"], ["2018/02/20", "2018/02/20"], ["2018/02/20", "2018/02/20"], ["2018/02/20", "2018/02/20"], ["2018/02/20", "2018/02/20"], ["2018/02/20", "2018/02/20"], ["2018/02/20", "2018/02/20"], ["2018/02/20", "2018/02/20"], ["2018/03/01", "2018/03/01"], ["2018/03/19", "2018/03/19"], ["2018/03/21", "2018/03/21"], ["2018/04/16", "2018/04/16"], ["2018/05/16", "2018/05/16"], ["2018/07/05", "2018/07/05"], ["2018/07/10", "2018/07/10"], ["2018/07/12", "2018/07/12"], ["2018/08/17", "2018/08/17"], ["2018/08/17", "2018/08/17"], ["2018/09/12", "2018/09/12"], ["2018/09/12", "2018/09/12"], ["2018/09/12", "2018/09/12"], ["2018/09/19", "2018/09/19"], ["2018/09/21", "2018/09/21"], ["2018/09/26", "2018/09/26"], ["2018/05/03", "2018/05/03"], ["2018/06/19", "2018/06/19"], ["2018/06/19", "2018/06/19"], ["2018/07/18", "2018/07/18"], ["2018/07/19", "2018/07/19"], ["2018/07/19", "2018/07/19"], ["2018/07/19", "2018/07/19"], ["2018/07/19", "2018/07/19"], ["2018/08/23", "2018/08/23"], ["2018/09/11", "2018/09/11"], ["2018/09/11", "2018/09/11"], ["2018/09/12", "2018/09/12"], ["2018/09/12", "2018/09/12"], ["2018/09/13", "2018/09/13"], ["2018/10/04", "2018/10/04"], ["2018/10/06", "2018/10/06"], ["2018/10/06", "2018/10/06"], ["2018/05/01", "2018/09/08"], ["2018/09/14", "2018/09/14"], ["2018/06/15", "2018/06/15"], ["2018/06/15", "2018/06/15"], ["2018/07/05", "2018/07/05"], ["2018/07/24", "2018/07/24"], ["2018/09/08", "2018/09/08"], ["2018/09/08", "2018/09/08"], ["2018/09/08", "2018/09/08"], ["2018/09/11", "2018/09/11"], ["2018/09/13", "2018/09/13"], ["2018/09/19", "2018/09/19"], ["2018/10/05", "2018/10/05"]]}, {"nodemeta": ["story"], "stats": {"story": {"rtag_story": [], "tag_story": [["7566", "2018/08/19", "2018/08/19"], ["7599", "2018/10/01", "2018/10/01"], ["7595", "2018/09/21", "2018/09/21"], ["7582", "2018/09/12", "2018/09/12"], ["7434", "2017/11/10", "2017/11/10"], ["7435", "2017/11/13", "2017/11/13"], ["7437", "2017/11/15", "2017/11/15"], ["7528", "2018/04/16", "2018/04/16"], ["7428", "2017/09/30", "2017/09/30"], ["7438", "2017/11/15", "2017/11/15"], ["7547", "2018/07/05", "2018/07/05"]]}}, "name": "commonfare", "tags": ["commonfare", "commonfare", "commonfare", "commonfare", "commonfare", "commonfare", "commonfare", "commonfare", "commonfare", "commonfare", "commonfare"], "spells": [["2017/09/30", "2017/09/30"], ["2017/11/10", "2017/11/10"], ["2017/11/13", "2017/11/13"], ["2017/11/15", "2017/11/15"], ["2017/11/15", "2017/11/15"], ["2018/04/16", "2018/04/16"], ["2018/07/05", "2018/07/05"], ["2018/08/19", "2018/08/19"], ["2018/09/12", "2018/09/12"], ["2018/09/21", "2018/09/21"], ["2018/10/01", "2018/10/01"]], "tag_story": [["7428", "2017/09/30", "2017/09/30"], ["7434", "2017/11/10", "2017/11/10"], ["7435", "2017/11/13", "2017/11/13"], ["7437", "2017/11/15", "2017/11/15"], ["7438", "2017/11/15", "2017/11/15"], ["7528", "2018/04/16", "2018/04/16"], ["7547", "2018/07/05", "2018/07/05"], ["7566", "2018/08/19", "2018/08/19"], ["7582", "2018/09/12", "2018/09/12"], ["7595", "2018/09/21", "2018/09/21"], ["7599", "2018/10/01", "2018/10/01"]], "label": "tag_1", "edgetotals": {"transaction": 0, "story": 0, "social": 0, "listing": 0}, "date": "2016/06/01", "avg_totals": {"listing": 0, "story": 0, "transaction": 0, "social": 0}, "kcore": 0, "type": "tag", "id": "7613", "cumu_totals": {"listing": 0, "story": 0, "transaction": 0, "social": 0}}, {"kcore": 0, "stats": {"": {"rtag_commoner": [], "tag_commoner": [["7373", "2018/09/10", "2018/09/10"]]}, "story": {"rtag_story": [], "tag_story": [["7595", "2018/09/21", "2018/09/21"], ["7526", "2018/03/19", "2018/03/19"], ["7553", "2018/07/11", "2018/07/11"], ["7528", "2018/04/16", "2018/04/16"], ["7529", "2018/05/09", "2018/05/09"], ["7556", "2018/07/13", "2018/07/13"], ["7546", "2018/07/04", "2018/07/04"]]}}, "tag_commoner": [["7373", "2018/09/10", "2018/09/10"]], "tag_story": [["7526", "2018/03/19", "2018/03/19"], ["7528", "2018/04/16", "2018/04/16"], ["7529", "2018/05/09", "2018/05/09"], ["7546", "2018/07/04", "2018/07/04"], ["7553", "2018/07/11", "2018/07/11"], ["7556", "2018/07/13", "2018/07/13"], ["7595", "2018/09/21", "2018/09/21"]], "spells": [["2018/03/19", "2018/03/19"], ["2018/04/16", "2018/04/16"], ["2018/05/09", "2018/05/09"], ["2018/07/04", "2018/07/04"], ["2018/07/11", "2018/07/11"], ["2018/07/13", "2018/07/13"], ["2018/09/10", "2018/09/10"], ["2018/09/21", "2018/09/21"]], "tags": ["precariet\u00e0", "precariet\u00e0", "precariet\u00e0", "precariet\u00e0", "precariet\u00e0", "precariet\u00e0", "precariet\u00e0", "precariet\u00e0"], "label": "tag_325", "cumu_totals": {"listing": 0, "story": 0, "transaction": 0, "social": 0}, "edgetotals": {"transaction": 0, "story": 0, "social": 0, "listing": 0}, "date": "2016/06/01", "avg_totals": {"listing": 0, "story": 0, "transaction": 0, "social": 0}, "nodemeta": ["", "story"], "type": "tag", "id": "7889", "name": "precariet\u00e0"}, {"kcore": 0, "stats": {"": {"rtag_commoner": [], "tag_commoner": [["7373", "2018/09/10", "2018/09/10"], ["7410", "2018/09/24", "2018/09/24"]]}, "story": {"rtag_story": [], "tag_story": [["7564", "2018/08/17", "2018/08/17"], ["7563", "2018/08/17", "2018/08/17"], ["7577", "2018/09/10", "2018/09/10"], ["7598", "2018/09/26", "2018/09/26"], ["7603", "2018/10/06", "2018/10/06"], ["7580", "2018/09/12", "2018/09/12"], ["7602", "2018/10/04", "2018/10/04"], ["7568", "2018/08/23", "2018/08/23"], ["7539", "2018/06/15", "2018/06/15"], ["7525", "2018/03/09", "2018/03/09"], ["7553", "2018/07/11", "2018/07/11"], ["7528", "2018/04/16", "2018/04/16"], ["7556", "2018/07/13", "2018/07/13"]]}}, "tag_commoner": [["7373", "2018/09/10", "2018/09/10"], ["7410", "2018/09/24", "2018/09/24"]], "tag_story": [["7525", "2018/03/09", "2018/03/09"], ["7528", "2018/04/16", "2018/04/16"], ["7539", "2018/06/15", "2018/06/15"], ["7553", "2018/07/11", "2018/07/11"], ["7556", "2018/07/13", "2018/07/13"], ["7563", "2018/08/17", "2018/08/17"], ["7564", "2018/08/17", "2018/08/17"], ["7568", "2018/08/23", "2018/08/23"], ["7577", "2018/09/10", "2018/09/10"], ["7580", "2018/09/12", "2018/09/12"], ["7598", "2018/09/26", "2018/09/26"], ["7602", "2018/10/04", "2018/10/04"], ["7603", "2018/10/06", "2018/10/06"]], "spells": [["2018/03/09", "2018/03/09"], ["2018/04/16", "2018/04/16"], ["2018/06/15", "2018/06/15"], ["2018/07/11", "2018/07/11"], ["2018/07/13", "2018/07/13"], ["2018/08/17", "2018/08/17"], ["2018/08/17", "2018/08/17"], ["2018/08/23", "2018/08/23"], ["2018/09/10", "2018/09/10"], ["2018/09/10", "2018/09/10"], ["2018/09/12", "2018/09/12"], ["2018/09/26", "2018/09/26"], ["2018/10/04", "2018/10/04"], ["2018/10/06", "2018/10/06"], ["2018/09/24", "2018/09/24"]], "tags": ["reddito di base", "reddito di base", "reddito di base", "reddito di base", "reddito di base", "reddito di base", "reddito di base", "reddito di base", "reddito di base", "reddito di base", "reddito di base", "reddito di base", "reddito di base", "reddito di base", "reddito di base"], "label": "tag_313", "cumu_totals": {"listing": 0, "story": 0, "transaction": 0, "social": 0}, "edgetotals": {"transaction": 0, "story": 0, "social": 0, "listing": 0}, "date": "2016/06/01", "avg_totals": {"listing": 0, "story": 0, "transaction": 0, "social": 0}, "nodemeta": ["", "story"], "type": "tag", "id": "7881", "name": "reddito di base"}, {"nodemeta": ["story", "social", "transaction"], "comment_story": [["7428", "2017/09/30", "2017/09/30"], ["3", "2017/09/30", "2017/09/30"], ["7591", "2018/09/20", "2018/09/20"], ["7528", "2018/05/03", "2018/05/03"], ["7581", "2018/09/13", "2018/09/13"], ["3", "2018/05/03", "2018/05/03"], ["7559", "2018/07/19", "2018/07/19"], ["3", "2018/07/19", "2018/07/19"], ["7569", "2018/09/02", "2018/09/02"], ["3", "2018/09/02", "2018/09/02"], ["7575", "2018/09/10", "2018/09/10"], ["3", "2018/09/10", "2018/09/10"], ["7577", "2018/09/10", "2018/09/10"], ["3", "2018/09/10", "2018/09/10"], ["3", "2018/09/13", "2018/09/13"], ["3", "2018/09/20", "2018/09/20"]], "name": "emme", "tags": [], "edgetotals": {"transaction": 20.0, "story": 8.0, "social": 12.0, "listing": 0}, "cumu_totals": {"listing": 0.0, "story": 0.2, "transaction": 0.5, "social": 0.3}, "label": "commoner_3", "conversation": [["3", "2018/06/21", "2018/06/21"], ["8", "2018/07/26", "2018/10/06"], ["92", "2018/05/03", "2018/05/03"]], "transaction": [["3", "2018/06/13", "2018/06/13"], ["3", "2018/07/09", "2018/07/09"], ["3", "2018/09/13", "2018/09/13"], ["300", "2018/07/22", "2018/07/22"], ["3", "2018/09/18", "2018/09/18"]], "avg_totals": {"listing": 0.0, "story": 0.8, "transaction": 2.0, "social": 1.2}, "date": "2016/06/01", "stats": {"2018/07/22": {"transaction": {"transaction": [1, 4]}}, "2017/09/30": {"story": {"rcomment_story": [1, 2]}}, "story": {"comment_story": [], "rcomment_story": [["3", "2018/09/10", "2018/09/10"], ["3", "2018/09/10", "2018/09/10"], ["3", "2018/09/10", "2018/09/10"], ["3", "2018/09/10", "2018/09/10"], ["3", "2018/09/13", "2018/09/13"], ["3", "2018/09/13", "2018/09/13"], ["3", "2018/09/20", "2018/09/20"], ["3", "2018/09/20", "2018/09/20"], ["3", "2018/09/02", "2018/09/02"], ["3", "2018/09/02", "2018/09/02"], ["3", "2018/07/19", "2018/07/19"], ["3", "2018/07/19", "2018/07/19"], ["3", "2018/05/03", "2018/05/03"], ["3", "2018/05/03", "2018/05/03"], ["3", "2017/09/30", "2017/09/30"], ["3", "2017/09/30", "2017/09/30"]]}, "transaction": {"rtransaction": [], "transaction": [["3", "2018/09/18", "2018/09/18"], ["3", "2018/09/18", "2018/09/18"], ["3", "2018/09/13", "2018/09/13"], ["3", "2018/09/13", "2018/09/13"], ["300", "2018/07/22", "2018/07/22"], ["300", "2018/07/22", "2018/07/22"], ["3", "2018/06/13", "2018/06/13"], ["3", "2018/06/13", "2018/06/13"], ["3", "2018/07/09", "2018/07/09"], ["3", "2018/07/09", "2018/07/09"]]}, "2018/07/26": {"social": {"conversation": [1, 4]}}, "2018/06/21": {"social": {"conversation": [1, 4]}}, "2018/05/03": {"story": {"rcomment_story": [1, 2]}, "social": {"conversation": [1, 4]}}, "2018/07/09": {"transaction": {"transaction": [1, 4]}}, "2018/06/13": {"transaction": {"transaction": [1, 4]}}, "2018/09/18": {"transaction": {"transaction": [1, 4]}}, "2018/07/19": {"story": {"rcomment_story": [1, 2]}}, "social": {"conversation": [["3", "2018/06/21", "2018/06/21"], ["3", "2018/06/21", "2018/06/21"], ["8", "2018/07/26", "2018/10/06"], ["8", "2018/07/26", "2018/10/06"], ["92", "2018/05/03", "2018/05/03"], ["92", "2018/05/03", "2018/05/03"]], "rconversation": []}, "2018/09/02": {"story": {"rcomment_story": [1, 2]}}, "2018/09/10": {"story": {"rcomment_story": [2, 4]}}, "2018/09/13": {"story": {"rcomment_story": [1, 2]}, "transaction": {"transaction": [1, 4]}}, "2018/09/20": {"story": {"rcomment_story": [1, 2]}}}, "kcore": 4, "type": "commoner", "id": "3", "spells": [["2017/09/30", "2017/09/30"], ["2017/09/30", "2017/09/30"], ["2018/06/21", "2018/06/21"], ["2018/06/13", "2018/06/13"], ["2018/09/20", "2018/09/20"], ["2018/05/03", "2018/05/03"], ["2018/09/13", "2018/09/13"], ["2018/05/03", "2018/05/03"], ["2018/07/09", "2018/07/09"], ["2018/07/19", "2018/07/19"], ["2018/07/19", "2018/07/19"], ["2018/07/26", "2018/10/06"], ["2018/09/02", "2018/09/02"], ["2018/09/02", "2018/09/02"], ["2018/09/10", "2018/09/10"], ["2018/09/10", "2018/09/10"], ["2018/09/10", "2018/09/10"], ["2018/09/10", "2018/09/10"], ["2018/09/13", "2018/09/13"], ["2018/09/20", "2018/09/20"], ["2018/09/13", "2018/09/13"], ["2018/05/03", "2018/05/03"], ["2018/07/22", "2018/07/22"], ["2018/09/18", "2018/09/18"], ["2018/10/05", "2018/10/05"]]}, {"nodemeta": ["story"], "stats": {"story": {"rtag_story": [], "tag_story": [["7528", "2018/04/16", "2018/04/16"]]}}, "name": "precari", "tags": ["precari"], "spells": [["2018/04/16", "2018/04/16"]], "tag_story": [["7528", "2018/04/16", "2018/04/16"]], "label": "tag_341", "edgetotals": {"transaction": 0, "story": 0, "social": 0, "listing": 0}, "date": "2016/06/01", "avg_totals": {"listing": 0, "story": 0, "transaction": 0, "social": 0}, "kcore": 0, "type": "tag", "id": "7899", "cumu_totals": {"listing": 0, "story": 0, "transaction": 0, "social": 0}}, {"nodemeta": ["story"], "stats": {"story": {"rtag_story": [], "tag_story": [["7456", "2017/09/01", "2017/09/01"], ["7441", "2017/09/01", "2017/09/01"], ["7442", "2017/09/01", "2017/09/01"], ["7444", "2017/09/01", "2017/09/01"], ["7440", "2017/09/01", "2017/09/01"], ["7587", "2018/09/15", "2018/09/15"], ["7569", "2018/08/24", "2018/08/24"], ["7516", "2018/02/20", "2018/02/20"], ["7571", "2018/08/25", "2018/08/25"], ["7526", "2018/03/19", "2018/03/19"], ["7524", "2018/03/01", "2018/03/01"], ["7539", "2018/06/15", "2018/06/15"], ["7528", "2018/04/16", "2018/04/16"], ["7529", "2018/05/09", "2018/05/09"], ["7446", "2017/09/01", "2017/09/01"]]}}, "name": "lavoro", "tags": ["lavoro", "lavoro", "lavoro", "lavoro", "lavoro", "lavoro", "lavoro", "lavoro", "lavoro", "lavoro", "lavoro", "lavoro", "lavoro", "lavoro", "lavoro"], "spells": [["2017/09/01", "2017/09/01"], ["2017/09/01", "2017/09/01"], ["2017/09/01", "2017/09/01"], ["2017/09/01", "2017/09/01"], ["2017/09/01", "2017/09/01"], ["2017/09/01", "2017/09/01"], ["2018/02/20", "2018/02/20"], ["2018/03/01", "2018/03/01"], ["2018/03/19", "2018/03/19"], ["2018/04/16", "2018/04/16"], ["2018/05/09", "2018/05/09"], ["2018/06/15", "2018/06/15"], ["2018/08/24", "2018/08/24"], ["2018/08/25", "2018/08/25"], ["2018/09/15", "2018/09/15"]], "tag_story": [["7440", "2017/09/01", "2017/09/01"], ["7441", "2017/09/01", "2017/09/01"], ["7442", "2017/09/01", "2017/09/01"], ["7444", "2017/09/01", "2017/09/01"], ["7446", "2017/09/01", "2017/09/01"], ["7456", "2017/09/01", "2017/09/01"], ["7516", "2018/02/20", "2018/02/20"], ["7524", "2018/03/01", "2018/03/01"], ["7526", "2018/03/19", "2018/03/19"], ["7528", "2018/04/16", "2018/04/16"], ["7529", "2018/05/09", "2018/05/09"], ["7539", "2018/06/15", "2018/06/15"], ["7569", "2018/08/24", "2018/08/24"], ["7571", "2018/08/25", "2018/08/25"], ["7587", "2018/09/15", "2018/09/15"]], "label": "tag_89", "edgetotals": {"transaction": 0, "story": 0, "social": 0, "listing": 0}, "date": "2016/06/01", "avg_totals": {"listing": 0, "story": 0, "transaction": 0, "social": 0}, "kcore": 0, "type": "tag", "id": "7676", "cumu_totals": {"listing": 0, "story": 0, "transaction": 0, "social": 0}}, {"kcore": 0, "stats": {"": {"rtag_commoner": [], "tag_commoner": [["7365", "2018/09/05", "2018/09/05"]]}, "story": {"rtag_story": [], "tag_story": [["7565", "2018/08/19", "2018/08/19"], ["7589", "2018/09/17", "2018/09/17"], ["7596", "2018/09/26", "2018/09/26"], ["7595", "2018/09/21", "2018/09/21"], ["7587", "2018/09/15", "2018/09/15"], ["7548", "2018/07/05", "2018/07/05"], ["7520", "2018/02/20", "2018/02/20"], ["7524", "2018/03/01", "2018/03/01"], ["7528", "2018/04/16", "2018/04/16"], ["7547", "2018/07/05", "2018/07/05"]]}}, "tag_commoner": [["7365", "2018/09/05", "2018/09/05"]], "tag_story": [["7520", "2018/02/20", "2018/02/20"], ["7524", "2018/03/01", "2018/03/01"], ["7528", "2018/04/16", "2018/04/16"], ["7547", "2018/07/05", "2018/07/05"], ["7548", "2018/07/05", "2018/07/05"], ["7565", "2018/08/19", "2018/08/19"], ["7587", "2018/09/15", "2018/09/15"], ["7589", "2018/09/17", "2018/09/17"], ["7595", "2018/09/21", "2018/09/21"], ["7596", "2018/09/26", "2018/09/26"]], "spells": [["2018/02/20", "2018/02/20"], ["2018/03/01", "2018/03/01"], ["2018/04/16", "2018/04/16"], ["2018/07/05", "2018/07/05"], ["2018/07/05", "2018/07/05"], ["2018/08/19", "2018/08/19"], ["2018/09/15", "2018/09/15"], ["2018/09/17", "2018/09/17"], ["2018/09/21", "2018/09/21"], ["2018/09/26", "2018/09/26"], ["2018/09/05", "2018/09/05"]], "tags": ["cooperazione sociale", "cooperazione sociale", "cooperazione sociale", "cooperazione sociale", "cooperazione sociale", "cooperazione sociale", "cooperazione sociale", "cooperazione sociale", "cooperazione sociale", "cooperazione sociale", "cooperazione sociale"], "label": "tag_312", "cumu_totals": {"listing": 0, "story": 0, "transaction": 0, "social": 0}, "edgetotals": {"transaction": 0, "story": 0, "social": 0, "listing": 0}, "date": "2016/06/01", "avg_totals": {"listing": 0, "story": 0, "transaction": 0, "social": 0}, "nodemeta": ["", "story"], "type": "tag", "id": "7880", "name": "cooperazione sociale"}, {"stats": {"2018/04/16": {"story": {"tag_story": [10, 0]}}, "story": {"comment_story": [], "tag_story": [["7528", "2018/04/16", "2018/04/16"], ["7528", "2018/04/16", "2018/04/16"], ["7528", "2018/04/16", "2018/04/16"], ["7528", "2018/04/16", "2018/04/16"], ["7528", "2018/04/16", "2018/04/16"], ["7528", "2018/04/16", "2018/04/16"], ["7528", "2018/04/16", "2018/04/16"], ["7528", "2018/04/16", "2018/04/16"], ["7528", "2018/04/16", "2018/04/16"], ["7528", "2018/04/16", "2018/04/16"], ["7528", "2018/04/16", "2018/04/16"], ["7528", "2018/04/16", "2018/04/16"], ["7528", "2018/04/16", "2018/04/16"], ["7528", "2018/04/16", "2018/04/16"], ["7528", "2018/04/16", "2018/04/16"], ["7528", "2018/04/16", "2018/04/16"], ["7528", "2018/04/16", "2018/04/16"], ["7528", "2018/04/16", "2018/04/16"], ["7528", "2018/04/16", "2018/04/16"], ["7528", "2018/04/16", "2018/04/16"]], "rtag_story": [], "rcomment_story": [["7528", "2018/05/03", "2018/05/03"], ["7528", "2018/05/03", "2018/05/03"], ["3", "2018/05/03", "2018/05/03"], ["3", "2018/05/03", "2018/05/03"]], "rcreate_story": [], "create_story": [["57", "2018/04/16", "2018/04/16"]]}, "2018/05/03": {"story": {"rcomment_story": [2, 4]}}}, "comment_story": [["3", "2018/05/03", "2018/05/03"]], "title": "Dalla precariet\u00e0 al commonfare", "tags": ["welfare", "testimonials", "reddito di cittadinanza", "commonfare", "precariet\u00e0", "reddito di base", "cooperazione sociale", "reddito minimo garantito", "lavoro", "precari"], "label": "story_146", "kcore": 2, "cumu_totals": {"social": 0.0, "story": 2.0, "transaction": 0.0, "listing": 0.0}, "edgetotals": {"transaction": 0, "story": 4.0, "social": 0, "listing": 0}, "date": "2016/06/01", "avg_totals": {"social": 0.0, "story": 8.0, "transaction": 0.0, "listing": 0.0}, "tag_story": [["7528", "2018/04/16", "2018/04/16"], ["7528", "2018/04/16", "2018/04/16"], ["7528", "2018/04/16", "2018/04/16"], ["7528", "2018/04/16", "2018/04/16"], ["7528", "2018/04/16", "2018/04/16"], ["7528", "2018/04/16", "2018/04/16"], ["7528", "2018/04/16", "2018/04/16"], ["7528", "2018/04/16", "2018/04/16"], ["7528", "2018/04/16", "2018/04/16"], ["7528", "2018/04/16", "2018/04/16"]], "nodemeta": ["story", "story", "story", "story"], "type": "story", "id": "7528", "create_story": [["57", "2018/04/16", "2018/04/16"]], "spells": [["2018/04/16", "2018/04/16"], ["2018/04/16", "2018/04/16"], ["2018/04/16", "2018/04/16"], ["2018/04/16", "2018/04/16"], ["2018/04/16", "2018/04/16"], ["2018/04/16", "2018/04/16"], ["2018/04/16", "2018/04/16"], ["2018/04/16", "2018/04/16"], ["2018/04/16", "2018/04/16"], ["2018/04/16", "2018/04/16"], ["2018/04/16", "2018/04/16"], ["2018/05/03", "2018/05/03"]]}, {"kcore": 0, "stats": {"": {"rtag_commoner": [], "tag_commoner": [["7373", "2018/09/10", "2018/09/10"], ["7410", "2018/09/24", "2018/09/24"]]}, "story": {"rtag_story": [], "tag_story": [["7577", "2018/09/10", "2018/09/10"], ["7602", "2018/10/04", "2018/10/04"], ["7525", "2018/03/09", "2018/03/09"], ["7528", "2018/04/16", "2018/04/16"]]}}, "tag_commoner": [["7373", "2018/09/10", "2018/09/10"], ["7410", "2018/09/24", "2018/09/24"]], "tag_story": [["7525", "2018/03/09", "2018/03/09"], ["7528", "2018/04/16", "2018/04/16"], ["7577", "2018/09/10", "2018/09/10"], ["7602", "2018/10/04", "2018/10/04"]], "spells": [["2018/03/09", "2018/03/09"], ["2018/04/16", "2018/04/16"], ["2018/09/10", "2018/09/10"], ["2018/09/10", "2018/09/10"], ["2018/10/04", "2018/10/04"], ["2018/09/24", "2018/09/24"]], "tags": ["reddito minimo garantito", "reddito minimo garantito", "reddito minimo garantito", "reddito minimo garantito", "reddito minimo garantito", "reddito minimo garantito"], "label": "tag_314", "cumu_totals": {"listing": 0, "story": 0, "transaction": 0, "social": 0}, "edgetotals": {"transaction": 0, "story": 0, "social": 0, "listing": 0}, "date": "2016/06/01", "avg_totals": {"listing": 0, "story": 0, "transaction": 0, "social": 0}, "nodemeta": ["", "story"], "type": "tag", "id": "7882", "name": "reddito minimo garantito"}, {"nodemeta": ["story"], "stats": {"story": {"rtag_story": [], "tag_story": [["7528", "2018/04/16", "2018/04/16"]]}}, "name": "testimonials", "tags": ["testimonials"], "spells": [["2018/04/16", "2018/04/16"]], "tag_story": [["7528", "2018/04/16", "2018/04/16"]], "label": "tag_342", "edgetotals": {"transaction": 0, "story": 0, "social": 0, "listing": 0}, "date": "2016/06/01", "avg_totals": {"listing": 0, "story": 0, "transaction": 0, "social": 0}, "kcore": 0, "type": "tag", "id": "7900", "cumu_totals": {"listing": 0, "story": 0, "transaction": 0, "social": 0}}], "links": [{"target": "7528", "weight": 1.0, "tag_story": [["7528", "2018/04/16", "2018/04/16"]], "label": "tag_71+date_start=2018/04/16", "source": "7662", "id": "318", "spells": [["2018/04/16", "2018/04/16"]]}, {"target": "7528", "weight": 1.0, "tag_story": [["7528", "2018/04/16", "2018/04/16"]], "label": "tag_343+date_start=2018/04/16", "source": "7901", "id": "1014", "spells": [["2018/04/16", "2018/04/16"]]}, {"edgemeta": ["story", "story"], "comment_story": [["7528", "2018/05/03", "2018/05/03"]], "target": "7528", "weight": 1.0, "label": "create_146+date_start=2018/04/16", "source": "57", "edgeweight": {"57": 3.0, "7528": 3.0}, "id": "101", "create_story": [["57", "2018/04/16", "2018/04/16"]], "spells": [["2018/04/16", "2018/04/16"], ["2018/05/03", "2018/05/03"]]}, {"target": "7528", "weight": 1.0, "tag_story": [["7528", "2018/04/16", "2018/04/16"]], "label": "tag_1+date_start=2018/04/16", "source": "7613", "id": "186", "spells": [["2018/04/16", "2018/04/16"]]}, {"target": "7528", "weight": 1.0, "tag_story": [["7528", "2018/04/16", "2018/04/16"]], "label": "tag_325+date_start=2018/04/16", "source": "7889", "id": "995", "spells": [["2018/04/16", "2018/04/16"]]}, {"target": "7528", "weight": 1.0, "tag_story": [["7528", "2018/04/16", "2018/04/16"]], "label": "tag_313+date_start=2018/04/16", "source": "7881", "id": "962", "spells": [["2018/04/16", "2018/04/16"]]}, {"edgemeta": ["story"], "comment_story": [["3", "2018/05/03", "2018/05/03"]], "target": "7528", "weight": 1.0, "label": "comment_30+date_start=2018/05/03", "source": "3", "edgeweight": {"3": 1.0, "7528": 1.0}, "id": "1256", "spells": [["2018/05/03", "2018/05/03"]]}, {"target": "7528", "weight": 1.0, "tag_story": [["7528", "2018/04/16", "2018/04/16"]], "label": "tag_341+date_start=2018/04/16", "source": "7899", "id": "1011", "spells": [["2018/04/16", "2018/04/16"]]}, {"target": "7528", "weight": 1.0, "tag_story": [["7528", "2018/04/16", "2018/04/16"]], "label": "tag_89+date_start=2018/04/16", "source": "7676", "id": "391", "spells": [["2018/04/16", "2018/04/16"]]}, {"target": "7528", "weight": 1.0, "tag_story": [["7528", "2018/04/16", "2018/04/16"]], "label": "tag_312+date_start=2018/04/16", "source": "7880", "id": "951", "spells": [["2018/04/16", "2018/04/16"]]}, {"target": "7882", "weight": 1.0, "tag_story": [["7528", "2018/04/16", "2018/04/16"]], "label": "tag_314+date_start=2018/04/16", "source": "7528", "id": "977", "spells": [["2018/04/16", "2018/04/16"]]}, {"target": "7900", "weight": 1.0, "tag_story": [["7528", "2018/04/16", "2018/04/16"]], "label": "tag_342+date_start=2018/04/16", "source": "7528", "id": "1012", "spells": [["2018/04/16", "2018/04/16"]]}], "multigraph": false}