{"directed": false, "graph": {}, "nodes": [{"kcore": 0, "stats": {"": {"rtag_commoner": [], "tag_commoner": [["7373", "2018/09/10", "2018/09/10"], ["7410", "2018/09/24", "2018/09/24"]]}, "story": {"rtag_story": [], "tag_story": [["7564", "2018/08/17", "2018/08/17"], ["7563", "2018/08/17", "2018/08/17"], ["7577", "2018/09/10", "2018/09/10"], ["7598", "2018/09/26", "2018/09/26"], ["7603", "2018/10/06", "2018/10/06"], ["7580", "2018/09/12", "2018/09/12"], ["7602", "2018/10/04", "2018/10/04"], ["7568", "2018/08/23", "2018/08/23"], ["7539", "2018/06/15", "2018/06/15"], ["7525", "2018/03/09", "2018/03/09"], ["7553", "2018/07/11", "2018/07/11"], ["7528", "2018/04/16", "2018/04/16"], ["7556", "2018/07/13", "2018/07/13"]]}}, "tag_commoner": [["7373", "2018/09/10", "2018/09/10"], ["7410", "2018/09/24", "2018/09/24"]], "tag_story": [["7525", "2018/03/09", "2018/03/09"], ["7528", "2018/04/16", "2018/04/16"], ["7539", "2018/06/15", "2018/06/15"], ["7553", "2018/07/11", "2018/07/11"], ["7556", "2018/07/13", "2018/07/13"], ["7563", "2018/08/17", "2018/08/17"], ["7564", "2018/08/17", "2018/08/17"], ["7568", "2018/08/23", "2018/08/23"], ["7577", "2018/09/10", "2018/09/10"], ["7580", "2018/09/12", "2018/09/12"], ["7598", "2018/09/26", "2018/09/26"], ["7602", "2018/10/04", "2018/10/04"], ["7603", "2018/10/06", "2018/10/06"]], "spells": [["2018/03/09", "2018/03/09"], ["2018/04/16", "2018/04/16"], ["2018/06/15", "2018/06/15"], ["2018/07/11", "2018/07/11"], ["2018/07/13", "2018/07/13"], ["2018/08/17", "2018/08/17"], ["2018/08/17", "2018/08/17"], ["2018/08/23", "2018/08/23"], ["2018/09/10", "2018/09/10"], ["2018/09/10", "2018/09/10"], ["2018/09/12", "2018/09/12"], ["2018/09/26", "2018/09/26"], ["2018/10/04", "2018/10/04"], ["2018/10/06", "2018/10/06"], ["2018/09/24", "2018/09/24"]], "tags": ["reddito di base", "reddito di base", "reddito di base", "reddito di base", "reddito di base", "reddito di base", "reddito di base", "reddito di base", "reddito di base", "reddito di base", "reddito di base", "reddito di base", "reddito di base", "reddito di base", "reddito di base"], "label": "tag_313", "cumu_totals": {"listing": 0, "story": 0, "transaction": 0, "social": 0}, "edgetotals": {"transaction": 0, "story": 0, "social": 0, "listing": 0}, "date": "2016/06/01", "avg_totals": {"listing": 0, "story": 0, "transaction": 0, "social": 0}, "nodemeta": ["", "story"], "type": "tag", "id": "7881", "name": "reddito di base"}, {"nodemeta": ["story", "story", "social", "transaction"], "comment_story": [["7554", "2018/07/18", "2018/07/18"], ["7582", "2018/09/13", "2018/09/13"], ["7528", "2018/05/03", "2018/05/03"], ["7530", "2018/06/19", "2018/06/19"], ["57", "2018/06/19", "2018/06/19"], ["57", "2018/07/18", "2018/07/18"], ["7558", "2018/07/19", "2018/07/19"], ["57", "2018/07/19", "2018/07/19"], ["7559", "2018/07/19", "2018/07/19"], ["57", "2018/07/19", "2018/07/19"], ["7555", "2018/08/23", "2018/08/23"], ["7577", "2018/09/11", "2018/09/11"], ["57", "2018/09/11", "2018/09/11"], ["7580", "2018/09/12", "2018/09/12"], ["7581", "2018/09/12", "2018/09/12"], ["7581", "2018/09/13", "2018/09/13"], ["57", "2018/10/04", "2018/10/04"], ["7602", "2018/10/06", "2018/10/06"], ["57", "2018/10/06", "2018/10/06"]], "name": "BIN Italia", "tags": [], "edgetotals": {"transaction": 44.0, "story": 63.0, "social": 12.0, "listing": 0}, "cumu_totals": {"listing": 0.0, "story": 0.5294117647058824, "transaction": 0.3697478991596639, "social": 0.10084033613445378}, "label": "commoner_68", "conversation": [["35", "2018/09/24", "2018/09/24"], ["8", "2018/05/01", "2018/09/08"], ["7318", "2018/09/14", "2018/09/14"]], "transaction": [["57", "2018/09/08", "2018/09/08"], ["57", "2018/06/15", "2018/06/15"], ["130", "2018/06/15", "2018/06/15"], ["58", "2018/07/05", "2018/07/05"], ["24", "2018/07/24", "2018/07/24"], ["57", "2018/09/08", "2018/09/08"], ["57", "2018/09/08", "2018/09/08"], ["57", "2018/09/08", "2018/09/08"], ["57", "2018/09/11", "2018/09/11"], ["24", "2018/09/13", "2018/09/13"], ["57", "2018/09/19", "2018/09/19"]], "avg_totals": {"listing": 0.0, "story": 2.1176470588235294, "transaction": 1.4789915966386555, "social": 0.40336134453781514}, "date": "2016/06/01", "stats": {"2018/07/05": {"story": {"create_story": [1, 2]}, "transaction": {"transaction": [1, 4]}}, "2018/07/24": {"transaction": {"transaction": [1, 4]}}, "2018/05/03": {"story": {"rcomment_story": [1, 2]}}, "2018/05/01": {"social": {"conversation": [1, 4]}}, "2018/09/19": {"story": {"create_story": [1, 2]}, "transaction": {"transaction": [1, 4]}}, "2018/09/11": {"story": {"rcomment_story": [1, 2]}, "transaction": {"transaction": [1, 4]}}, "2018/02/18": {"story": {"create_story": [1, 2]}}, "2018/09/13": {"story": {"rcomment_story": [1, 2]}, "transaction": {"transaction": [1, 4]}}, "2018/09/12": {"story": {"rcomment_story": [2, 4], "create_story": [3, 6]}}, "2018/09/14": {"social": {"conversation": [1, 4]}}, "story": {"rcreate_story": [], "comment_story": [], "rcomment_story": [["57", "2018/10/06", "2018/10/06"], ["57", "2018/10/06", "2018/10/06"], ["57", "2018/09/11", "2018/09/11"], ["57", "2018/09/11", "2018/09/11"], ["57", "2018/10/04", "2018/10/04"], ["57", "2018/10/04", "2018/10/04"], ["57", "2018/07/19", "2018/07/19"], ["57", "2018/07/19", "2018/07/19"], ["57", "2018/07/19", "2018/07/19"], ["57", "2018/07/19", "2018/07/19"], ["57", "2018/06/19", "2018/06/19"], ["57", "2018/06/19", "2018/06/19"], ["7581", "2018/09/12", "2018/09/12"], ["7581", "2018/09/12", "2018/09/12"], ["7581", "2018/09/13", "2018/09/13"], ["7580", "2018/09/12", "2018/09/12"], ["7580", "2018/09/12", "2018/09/12"], ["7582", "2018/09/13", "2018/09/13"], ["7582", "2018/09/13", "2018/09/13"], ["7555", "2018/08/23", "2018/08/23"], ["7555", "2018/08/23", "2018/08/23"], ["7528", "2018/05/03", "2018/05/03"], ["7528", "2018/05/03", "2018/05/03"], ["57", "2018/07/18", "2018/07/18"], ["57", "2018/07/18", "2018/07/18"]], "create_story": [["57", "2018/09/26", "2018/09/26"], ["57", "2018/09/26", "2018/09/26"], ["57", "2018/09/21", "2018/09/21"], ["57", "2018/09/21", "2018/09/21"], ["57", "2018/02/18", "2018/02/18"], ["57", "2018/02/18", "2018/02/18"], ["57", "2018/09/19", "2018/09/19"], ["57", "2018/09/19", "2018/09/19"], ["57", "2018/02/20", "2018/02/20"], ["57", "2018/02/20", "2018/02/20"], ["57", "2018/02/20", "2018/02/20"], ["57", "2018/02/20", "2018/02/20"], ["57", "2018/01/23", "2018/01/23"], ["57", "2018/01/23", "2018/01/23"], ["57", "2018/08/17", "2018/08/17"], ["57", "2018/08/17", "2018/08/17"], ["57", "2018/05/16", "2018/05/16"], ["57", "2018/05/16", "2018/05/16"], ["57", "2018/02/20", "2018/02/20"], ["57", "2018/02/20", "2018/02/20"], ["57", "2018/02/20", "2018/02/20"], ["57", "2018/02/20", "2018/02/20"], ["57", "2018/09/12", "2018/09/12"], ["57", "2018/09/12", "2018/09/12"], ["57", "2018/03/21", "2018/03/21"], ["57", "2018/03/21", "2018/03/21"], ["57", "2018/08/17", "2018/08/17"], ["57", "2018/08/17", "2018/08/17"], ["57", "2018/09/12", "2018/09/12"], ["57", "2018/09/12", "2018/09/12"], ["57", "2018/09/12", "2018/09/12"], ["57", "2018/09/12", "2018/09/12"], ["57", "2018/02/20", "2018/02/20"], ["57", "2018/02/20", "2018/02/20"], ["57", "2018/02/20", "2018/02/20"], ["57", "2018/02/20", "2018/02/20"], ["57", "2018/02/20", "2018/02/20"], ["57", "2018/02/20", "2018/02/20"], ["57", "2018/03/19", "2018/03/19"], ["57", "2018/03/19", "2018/03/19"], ["57", "2018/07/12", "2018/07/12"], ["57", "2018/07/12", "2018/07/12"], ["57", "2018/03/01", "2018/03/01"], ["57", "2018/03/01", "2018/03/01"], ["57", "2018/04/16", "2018/04/16"], ["57", "2018/04/16", "2018/04/16"], ["57", "2018/07/10", "2018/07/10"], ["57", "2018/07/10", "2018/07/10"], ["57", "2018/07/05", "2018/07/05"], ["57", "2018/07/05", "2018/07/05"]]}, "2018/06/19": {"story": {"rcomment_story": [1, 2]}}, "2018/06/15": {"transaction": {"transaction": [2, 8]}}, "2018/09/21": {"story": {"create_story": [1, 2]}}, "2018/07/19": {"story": {"rcomment_story": [2, 4]}}, "2018/07/18": {"story": {"rcomment_story": [1, 2]}}, "2018/03/21": {"story": {"create_story": [1, 2]}}, "2018/07/12": {"story": {"create_story": [1, 2]}}, "2018/07/10": {"story": {"create_story": [1, 2]}}, "2018/08/17": {"story": {"create_story": [2, 4]}}, "2018/05/16": {"story": {"create_story": [1, 2]}}, "2018/04/16": {"story": {"create_story": [1, 2]}}, "2018/09/08": {"transaction": {"transaction": [4, 16]}}, "2018/01/23": {"story": {"create_story": [1, 2]}}, "2018/09/24": {"social": {"conversation": [1, 4]}}, "2018/09/26": {"story": {"create_story": [1, 2]}}, "2018/02/20": {"story": {"create_story": [7, 14]}}, "transaction": {"rtransaction": [], "transaction": [["130", "2018/06/15", "2018/06/15"], ["130", "2018/06/15", "2018/06/15"], ["57", "2018/09/08", "2018/09/08"], ["57", "2018/09/08", "2018/09/08"], ["57", "2018/09/08", "2018/09/08"], ["57", "2018/09/08", "2018/09/08"], ["24", "2018/07/24", "2018/07/24"], ["24", "2018/07/24", "2018/07/24"], ["24", "2018/09/13", "2018/09/13"], ["24", "2018/09/13", "2018/09/13"], ["57", "2018/09/19", "2018/09/19"], ["57", "2018/09/19", "2018/09/19"], ["57", "2018/09/08", "2018/09/08"], ["57", "2018/09/08", "2018/09/08"], ["57", "2018/06/15", "2018/06/15"], ["57", "2018/06/15", "2018/06/15"], ["58", "2018/07/05", "2018/07/05"], ["58", "2018/07/05", "2018/07/05"], ["57", "2018/09/11", "2018/09/11"], ["57", "2018/09/11", "2018/09/11"], ["57", "2018/09/08", "2018/09/08"], ["57", "2018/09/08", "2018/09/08"]]}, "2018/03/19": {"story": {"create_story": [1, 2]}}, "2018/10/04": {"story": {"rcomment_story": [1, 2]}}, "2018/10/06": {"story": {"rcomment_story": [1, 2]}}, "2018/03/01": {"story": {"create_story": [1, 2]}}, "social": {"conversation": [["35", "2018/09/24", "2018/09/24"], ["35", "2018/09/24", "2018/09/24"], ["8", "2018/05/01", "2018/09/08"], ["8", "2018/05/01", "2018/09/08"], ["7318", "2018/09/14", "2018/09/14"], ["7318", "2018/09/14", "2018/09/14"]], "rconversation": []}, "2018/08/23": {"story": {"rcomment_story": [1, 2]}}}, "kcore": 6, "type": "commoner", "id": "57", "create_story": [["57", "2018/01/23", "2018/01/23"], ["57", "2018/02/18", "2018/02/18"], ["57", "2018/02/20", "2018/02/20"], ["57", "2018/02/20", "2018/02/20"], ["57", "2018/02/20", "2018/02/20"], ["57", "2018/02/20", "2018/02/20"], ["57", "2018/02/20", "2018/02/20"], ["57", "2018/02/20", "2018/02/20"], ["57", "2018/02/20", "2018/02/20"], ["57", "2018/03/01", "2018/03/01"], ["57", "2018/03/19", "2018/03/19"], ["57", "2018/03/21", "2018/03/21"], ["57", "2018/04/16", "2018/04/16"], ["57", "2018/05/16", "2018/05/16"], ["57", "2018/07/05", "2018/07/05"], ["57", "2018/07/10", "2018/07/10"], ["57", "2018/07/12", "2018/07/12"], ["57", "2018/08/17", "2018/08/17"], ["57", "2018/08/17", "2018/08/17"], ["57", "2018/09/12", "2018/09/12"], ["57", "2018/09/12", "2018/09/12"], ["57", "2018/09/12", "2018/09/12"], ["57", "2018/09/19", "2018/09/19"], ["57", "2018/09/21", "2018/09/21"], ["57", "2018/09/26", "2018/09/26"]], "spells": [["2018/07/18", "2018/07/18"], ["2018/09/13", "2018/09/13"], ["2018/09/24", "2018/09/24"], ["2018/09/08", "2018/09/08"], ["2018/01/23", "2018/01/23"], ["2018/02/18", "2018/02/18"], ["2018/02/20", "2018/02/20"], ["2018/02/20", "2018/02/20"], ["2018/02/20", "2018/02/20"], ["2018/02/20", "2018/02/20"], ["2018/02/20", "2018/02/20"], ["2018/02/20", "2018/02/20"], ["2018/02/20", "2018/02/20"], ["2018/03/01", "2018/03/01"], ["2018/03/19", "2018/03/19"], ["2018/03/21", "2018/03/21"], ["2018/04/16", "2018/04/16"], ["2018/05/16", "2018/05/16"], ["2018/07/05", "2018/07/05"], ["2018/07/10", "2018/07/10"], ["2018/07/12", "2018/07/12"], ["2018/08/17", "2018/08/17"], ["2018/08/17", "2018/08/17"], ["2018/09/12", "2018/09/12"], ["2018/09/12", "2018/09/12"], ["2018/09/12", "2018/09/12"], ["2018/09/19", "2018/09/19"], ["2018/09/21", "2018/09/21"], ["2018/09/26", "2018/09/26"], ["2018/05/03", "2018/05/03"], ["2018/06/19", "2018/06/19"], ["2018/06/19", "2018/06/19"], ["2018/07/18", "2018/07/18"], ["2018/07/19", "2018/07/19"], ["2018/07/19", "2018/07/19"], ["2018/07/19", "2018/07/19"], ["2018/07/19", "2018/07/19"], ["2018/08/23", "2018/08/23"], ["2018/09/11", "2018/09/11"], ["2018/09/11", "2018/09/11"], ["2018/09/12", "2018/09/12"], ["2018/09/12", "2018/09/12"], ["2018/09/13", "2018/09/13"], ["2018/10/04", "2018/10/04"], ["2018/10/06", "2018/10/06"], ["2018/10/06", "2018/10/06"], ["2018/05/01", "2018/09/08"], ["2018/09/14", "2018/09/14"], ["2018/06/15", "2018/06/15"], ["2018/06/15", "2018/06/15"], ["2018/07/05", "2018/07/05"], ["2018/07/24", "2018/07/24"], ["2018/09/08", "2018/09/08"], ["2018/09/08", "2018/09/08"], ["2018/09/08", "2018/09/08"], ["2018/09/11", "2018/09/11"], ["2018/09/13", "2018/09/13"], ["2018/09/19", "2018/09/19"], ["2018/10/05", "2018/10/05"]]}, {"kcore": 0, "stats": {"": {"rtag_commoner": [], "tag_commoner": [["7410", "2018/09/24", "2018/09/24"]]}, "story": {"rtag_story": [], "tag_story": [["7564", "2018/08/17", "2018/08/17"], ["7563", "2018/08/17", "2018/08/17"], ["7598", "2018/09/26", "2018/09/26"], ["7603", "2018/10/06", "2018/10/06"], ["7581", "2018/09/12", "2018/09/12"], ["7513", "2018/01/23", "2018/01/23"], ["7502", "2017/04/26", "2017/04/26"], ["7428", "2017/09/30", "2017/09/30"]]}}, "tag_commoner": [["7410", "2018/09/24", "2018/09/24"]], "tag_story": [["7428", "2017/09/30", "2017/09/30"], ["7502", "2017/04/26", "2017/04/26"], ["7513", "2018/01/23", "2018/01/23"], ["7563", "2018/08/17", "2018/08/17"], ["7564", "2018/08/17", "2018/08/17"], ["7581", "2018/09/12", "2018/09/12"], ["7598", "2018/09/26", "2018/09/26"], ["7603", "2018/10/06", "2018/10/06"]], "spells": [["2017/09/30", "2017/09/30"], ["2017/04/26", "2017/04/26"], ["2018/01/23", "2018/01/23"], ["2018/08/17", "2018/08/17"], ["2018/08/17", "2018/08/17"], ["2018/09/12", "2018/09/12"], ["2018/09/26", "2018/09/26"], ["2018/10/06", "2018/10/06"], ["2018/09/24", "2018/09/24"]], "tags": ["basic income", "basic income", "basic income", "basic income", "basic income", "basic income", "basic income", "basic income", "basic income"], "label": "tag_5", "cumu_totals": {"listing": 0, "story": 0, "transaction": 0, "social": 0}, "edgetotals": {"transaction": 0, "story": 0, "social": 0, "listing": 0}, "date": "2016/06/01", "avg_totals": {"listing": 0, "story": 0, "transaction": 0, "social": 0}, "nodemeta": ["", "story"], "type": "tag", "id": "7617", "name": "basic income"}, {"kcore": 2, "stats": {"story": {"rcreate_story": [], "rtag_story": [], "create_story": [["57", "2018/08/17", "2018/08/17"]], "tag_story": [["7563", "2018/08/17", "2018/08/17"], ["7563", "2018/08/17", "2018/08/17"], ["7563", "2018/08/17", "2018/08/17"], ["7563", "2018/08/17", "2018/08/17"], ["7563", "2018/08/17", "2018/08/17"], ["7563", "2018/08/17", "2018/08/17"]]}, "2018/08/17": {"story": {"tag_story": [3, 0]}}}, "tag_story": [["7563", "2018/08/17", "2018/08/17"], ["7563", "2018/08/17", "2018/08/17"], ["7563", "2018/08/17", "2018/08/17"]], "title": "Basic Income and the New Universalism: Rethinking the Welfare State in the 21st Century", "label": "story_252", "cumu_totals": {"social": 0.0, "story": 2.0, "transaction": 0.0, "listing": 0.0}, "edgetotals": {"transaction": 0, "story": 2.0, "social": 0, "listing": 0}, "create_story": [["57", "2018/08/17", "2018/08/17"]], "date": "2016/06/01", "avg_totals": {"social": 0.0, "story": 8.0, "transaction": 0.0, "listing": 0.0}, "nodemeta": ["story", "story", "story"], "type": "story", "id": "7563", "tags": ["universal basic income", "reddito di base", "basic income"], "spells": [["2018/08/17", "2018/08/17"], ["2018/08/17", "2018/08/17"], ["2018/08/17", "2018/08/17"], ["2018/08/17", "2018/08/17"]]}, {"kcore": 0, "stats": {"": {"rtag_commoner": [], "tag_commoner": [["7410", "2018/09/24", "2018/09/24"]]}, "story": {"rtag_story": [], "tag_story": [["7564", "2018/08/17", "2018/08/17"], ["7563", "2018/08/17", "2018/08/17"], ["7598", "2018/09/26", "2018/09/26"], ["7580", "2018/09/12", "2018/09/12"], ["7581", "2018/09/12", "2018/09/12"], ["7530", "2018/05/13", "2018/05/13"]]}}, "tag_commoner": [["7410", "2018/09/24", "2018/09/24"]], "tag_story": [["7563", "2018/08/17", "2018/08/17"], ["7564", "2018/08/17", "2018/08/17"], ["7580", "2018/09/12", "2018/09/12"], ["7581", "2018/09/12", "2018/09/12"], ["7598", "2018/09/26", "2018/09/26"], ["7530", "2018/05/13", "2018/05/13"]], "spells": [["2018/08/17", "2018/08/17"], ["2018/08/17", "2018/08/17"], ["2018/09/12", "2018/09/12"], ["2018/09/12", "2018/09/12"], ["2018/09/26", "2018/09/26"], ["2018/09/24", "2018/09/24"], ["2018/05/13", "2018/05/13"]], "tags": ["universal basic income", "universal basic income", "universal basic income", "universal basic income", "universal basic income", "universal basic income", "universal basic income"], "label": "tag_345", "cumu_totals": {"listing": 0, "story": 0, "transaction": 0, "social": 0}, "edgetotals": {"transaction": 0, "story": 0, "social": 0, "listing": 0}, "date": "2016/06/01", "avg_totals": {"listing": 0, "story": 0, "transaction": 0, "social": 0}, "nodemeta": ["", "story"], "type": "tag", "id": "7903", "name": "universal basic income"}], "links": [{"target": "7563", "weight": 1.0, "tag_story": [["7563", "2018/08/17", "2018/08/17"]], "label": "tag_313+date_start=2018/08/17", "source": "7881", "id": "966", "spells": [["2018/08/17", "2018/08/17"]]}, {"edgemeta": ["story"], "target": "7563", "weight": 1.0, "label": "create_252+date_start=2018/08/17", "source": "57", "edgeweight": {"57": 2.0, "7563": 2.0}, "id": "133", "create_story": [["57", "2018/08/17", "2018/08/17"]], "spells": [["2018/08/17", "2018/08/17"]]}, {"target": "7563", "weight": 1.0, "tag_story": [["7563", "2018/08/17", "2018/08/17"]], "label": "tag_5+date_start=2018/08/17", "source": "7617", "id": "205", "spells": [["2018/08/17", "2018/08/17"]]}, {"target": "7903", "weight": 1.0, "tag_story": [["7563", "2018/08/17", "2018/08/17"]], "label": "tag_345+date_start=2018/08/17", "source": "7563", "id": "1026", "spells": [["2018/08/17", "2018/08/17"]]}], "multigraph": false}