{"directed": false, "graph": {}, "nodes": [{"nodemeta": ["story"], "stats": {"story": {"rtag_story": [], "tag_story": [["7596", "2018/09/26", "2018/09/26"]]}}, "name": "usi civici", "tags": ["usi civici"], "spells": [["2018/09/26", "2018/09/26"]], "tag_story": [["7596", "2018/09/26", "2018/09/26"]], "label": "tag_488", "edgetotals": {"transaction": 0, "story": 0, "social": 0, "listing": 0}, "date": "2016/06/01", "avg_totals": {"listing": 0, "story": 0, "transaction": 0, "social": 0}, "kcore": 0, "type": "tag", "id": "8030", "cumu_totals": {"listing": 0, "story": 0, "transaction": 0, "social": 0}}, {"stats": {"story": {"comment_story": [], "tag_story": [["7596", "2018/09/26", "2018/09/26"], ["7596", "2018/09/26", "2018/09/26"], ["7596", "2018/09/26", "2018/09/26"], ["7596", "2018/09/26", "2018/09/26"], ["7596", "2018/09/26", "2018/09/26"], ["7596", "2018/09/26", "2018/09/26"], ["7596", "2018/09/26", "2018/09/26"], ["7596", "2018/09/26", "2018/09/26"], ["7596", "2018/09/26", "2018/09/26"], ["7596", "2018/09/26", "2018/09/26"]], "rtag_story": [], "rcomment_story": [["7596", "2018/09/28", "2018/09/28"], ["7596", "2018/09/28", "2018/09/28"], ["7419", "2018/09/28", "2018/09/28"], ["7419", "2018/09/28", "2018/09/28"]], "rcreate_story": [], "create_story": [["5", "2018/09/26", "2018/09/26"]]}, "2018/09/28": {"story": {"rcomment_story": [2, 4]}}, "2018/09/26": {"story": {"tag_story": [5, 0]}}}, "comment_story": [["7419", "2018/09/28", "2018/09/28"]], "title": "Beni comuni, Usi collettivi e Comune: oltre la logica proprietaria", "tags": ["usi civici", "cultura", "cooperazione sociale", "diritto", "beni comuni"], "label": "story_310", "kcore": 2, "cumu_totals": {"social": 0.0, "story": 2.0, "transaction": 0.0, "listing": 0.0}, "edgetotals": {"transaction": 0, "story": 4.0, "social": 0, "listing": 0}, "date": "2016/06/01", "avg_totals": {"social": 0.0, "story": 8.0, "transaction": 0.0, "listing": 0.0}, "tag_story": [["7596", "2018/09/26", "2018/09/26"], ["7596", "2018/09/26", "2018/09/26"], ["7596", "2018/09/26", "2018/09/26"], ["7596", "2018/09/26", "2018/09/26"], ["7596", "2018/09/26", "2018/09/26"]], "nodemeta": ["story", "story", "story", "story"], "type": "story", "id": "7596", "create_story": [["5", "2018/09/26", "2018/09/26"]], "spells": [["2018/09/26", "2018/09/26"], ["2018/09/26", "2018/09/26"], ["2018/09/26", "2018/09/26"], ["2018/09/26", "2018/09/26"], ["2018/09/26", "2018/09/26"], ["2018/09/26", "2018/09/26"], ["2018/09/28", "2018/09/28"]]}, {"kcore": 0, "stats": {"": {"rtag_commoner": [], "tag_commoner": [["7373", "2018/09/10", "2018/09/10"]]}, "story": {"rtag_story": [], "tag_story": [["7596", "2018/09/26", "2018/09/26"], ["7587", "2018/09/15", "2018/09/15"], ["7600", "2018/10/02", "2018/10/02"]]}}, "tag_commoner": [["7373", "2018/09/10", "2018/09/10"]], "tag_story": [["7587", "2018/09/15", "2018/09/15"], ["7596", "2018/09/26", "2018/09/26"], ["7600", "2018/10/02", "2018/10/02"]], "spells": [["2018/09/10", "2018/09/10"], ["2018/09/15", "2018/09/15"], ["2018/09/26", "2018/09/26"], ["2018/10/02", "2018/10/02"]], "tags": ["beni comuni", "beni comuni", "beni comuni", "beni comuni"], "label": "tag_487", "cumu_totals": {"listing": 0, "story": 0, "transaction": 0, "social": 0}, "edgetotals": {"transaction": 0, "story": 0, "social": 0, "listing": 0}, "date": "2016/06/01", "avg_totals": {"listing": 0, "story": 0, "transaction": 0, "social": 0}, "nodemeta": ["", "story"], "type": "tag", "id": "8029", "name": "beni comuni"}, {"kcore": 0, "stats": {"": {"rtag_commoner": [], "tag_commoner": [["7373", "2018/09/10", "2018/09/10"], ["7425", "2018/10/06", "2018/10/06"], ["7416", "2018/09/26", "2018/09/26"], ["137", "2018/06/22", "2018/06/22"], ["7401", "2018/09/17", "2018/09/17"]]}, "story": {"rtag_story": [], "tag_story": [["7589", "2018/09/17", "2018/09/17"], ["7596", "2018/09/26", "2018/09/26"], ["7586", "2018/09/15", "2018/09/15"], ["7594", "2018/09/21", "2018/09/21"], ["7600", "2018/10/02", "2018/10/02"], ["7597", "2018/09/26", "2018/09/26"], ["7515", "2018/02/18", "2018/02/18"], ["7525", "2018/03/09", "2018/03/09"], ["7529", "2018/05/09", "2018/05/09"], ["7547", "2018/07/05", "2018/07/05"]]}}, "tag_commoner": [["7373", "2018/09/10", "2018/09/10"], ["7401", "2018/09/17", "2018/09/17"], ["7416", "2018/09/26", "2018/09/26"], ["7425", "2018/10/06", "2018/10/06"], ["137", "2018/06/22", "2018/06/22"]], "tag_story": [["7515", "2018/02/18", "2018/02/18"], ["7525", "2018/03/09", "2018/03/09"], ["7529", "2018/05/09", "2018/05/09"], ["7547", "2018/07/05", "2018/07/05"], ["7586", "2018/09/15", "2018/09/15"], ["7589", "2018/09/17", "2018/09/17"], ["7594", "2018/09/21", "2018/09/21"], ["7596", "2018/09/26", "2018/09/26"], ["7600", "2018/10/02", "2018/10/02"], ["7597", "2018/09/26", "2018/09/26"]], "spells": [["2018/02/18", "2018/02/18"], ["2018/03/09", "2018/03/09"], ["2018/05/09", "2018/05/09"], ["2018/07/05", "2018/07/05"], ["2018/09/10", "2018/09/10"], ["2018/09/15", "2018/09/15"], ["2018/09/17", "2018/09/17"], ["2018/09/17", "2018/09/17"], ["2018/09/21", "2018/09/21"], ["2018/09/26", "2018/09/26"], ["2018/10/02", "2018/10/02"], ["2018/09/26", "2018/09/26"], ["2018/10/06", "2018/10/06"], ["2018/06/22", "2018/06/22"], ["2018/09/26", "2018/09/26"]], "tags": ["cultura", "cultura", "cultura", "cultura", "cultura", "cultura", "cultura", "cultura", "cultura", "cultura", "cultura", "cultura", "cultura", "cultura", "cultura"], "label": "tag_292", "cumu_totals": {"listing": 0, "story": 0, "transaction": 0, "social": 0}, "edgetotals": {"transaction": 0, "story": 0, "social": 0, "listing": 0}, "date": "2016/06/01", "avg_totals": {"listing": 0, "story": 0, "transaction": 0, "social": 0}, "nodemeta": ["", "story"], "type": "tag", "id": "7863", "name": "cultura"}, {"kcore": 0, "stats": {"": {"rtag_commoner": [], "tag_commoner": [["7365", "2018/09/05", "2018/09/05"]]}, "story": {"rtag_story": [], "tag_story": [["7565", "2018/08/19", "2018/08/19"], ["7589", "2018/09/17", "2018/09/17"], ["7596", "2018/09/26", "2018/09/26"], ["7595", "2018/09/21", "2018/09/21"], ["7587", "2018/09/15", "2018/09/15"], ["7548", "2018/07/05", "2018/07/05"], ["7520", "2018/02/20", "2018/02/20"], ["7524", "2018/03/01", "2018/03/01"], ["7528", "2018/04/16", "2018/04/16"], ["7547", "2018/07/05", "2018/07/05"]]}}, "tag_commoner": [["7365", "2018/09/05", "2018/09/05"]], "tag_story": [["7520", "2018/02/20", "2018/02/20"], ["7524", "2018/03/01", "2018/03/01"], ["7528", "2018/04/16", "2018/04/16"], ["7547", "2018/07/05", "2018/07/05"], ["7548", "2018/07/05", "2018/07/05"], ["7565", "2018/08/19", "2018/08/19"], ["7587", "2018/09/15", "2018/09/15"], ["7589", "2018/09/17", "2018/09/17"], ["7595", "2018/09/21", "2018/09/21"], ["7596", "2018/09/26", "2018/09/26"]], "spells": [["2018/02/20", "2018/02/20"], ["2018/03/01", "2018/03/01"], ["2018/04/16", "2018/04/16"], ["2018/07/05", "2018/07/05"], ["2018/07/05", "2018/07/05"], ["2018/08/19", "2018/08/19"], ["2018/09/15", "2018/09/15"], ["2018/09/17", "2018/09/17"], ["2018/09/21", "2018/09/21"], ["2018/09/26", "2018/09/26"], ["2018/09/05", "2018/09/05"]], "tags": ["cooperazione sociale", "cooperazione sociale", "cooperazione sociale", "cooperazione sociale", "cooperazione sociale", "cooperazione sociale", "cooperazione sociale", "cooperazione sociale", "cooperazione sociale", "cooperazione sociale", "cooperazione sociale"], "label": "tag_312", "cumu_totals": {"listing": 0, "story": 0, "transaction": 0, "social": 0}, "edgetotals": {"transaction": 0, "story": 0, "social": 0, "listing": 0}, "date": "2016/06/01", "avg_totals": {"listing": 0, "story": 0, "transaction": 0, "social": 0}, "nodemeta": ["", "story"], "type": "tag", "id": "7880", "name": "cooperazione sociale"}, {"nodemeta": ["story", "story"], "comment_story": [["7596", "2018/09/28", "2018/09/28"]], "name": "C_M", "tags": [], "spells": [["2018/09/26", "2018/09/26"], ["2018/09/28", "2018/09/28"], ["2018/10/05", "2018/10/05"]], "label": "commoner_5", "edgetotals": {"transaction": 0, "story": 3.0, "social": 0, "listing": 0}, "avg_totals": {"listing": 0.0, "story": 4.0, "transaction": 0.0, "social": 0.0}, "date": "2016/06/01", "stats": {"story": {"rcreate_story": [], "comment_story": [], "rcomment_story": [["7596", "2018/09/28", "2018/09/28"], ["7596", "2018/09/28", "2018/09/28"]], "create_story": [["5", "2018/09/26", "2018/09/26"], ["5", "2018/09/26", "2018/09/26"]]}, "2018/09/28": {"story": {"rcomment_story": [1, 2]}}, "2018/09/26": {"story": {"create_story": [1, 2]}}}, "kcore": 2, "type": "commoner", "id": "5", "create_story": [["5", "2018/09/26", "2018/09/26"]], "cumu_totals": {"listing": 0.0, "story": 1.0, "transaction": 0.0, "social": 0.0}}, {"nodemeta": ["story"], "comment_story": [["7596", "2018/09/28", "2018/09/28"], ["7419", "2018/09/28", "2018/09/28"]], "name": "cxejqiov310", "tags": [], "spells": [["2018/09/28", "2018/09/28"], ["2018/09/28", "2018/09/28"], ["2018/10/05", "2018/10/05"]], "label": "commoner_7430", "edgetotals": {"transaction": 0, "story": 1.0, "social": 0, "listing": 0}, "avg_totals": {"listing": 0.0, "story": 4.0, "transaction": 0.0, "social": 0.0}, "date": "2016/06/01", "stats": {"story": {"comment_story": [], "rcomment_story": [["7419", "2018/09/28", "2018/09/28"], ["7419", "2018/09/28", "2018/09/28"]]}, "2018/09/28": {"story": {"rcomment_story": [1, 2]}}}, "kcore": 2, "type": "commoner", "id": "7419", "cumu_totals": {"listing": 0.0, "story": 1.0, "transaction": 0.0, "social": 0.0}}, {"nodemeta": ["story"], "stats": {"story": {"rtag_story": [], "tag_story": [["7596", "2018/09/26", "2018/09/26"], ["7569", "2018/08/24", "2018/08/24"], ["7525", "2018/03/09", "2018/03/09"]]}}, "name": "diritto", "tags": ["diritto", "diritto", "diritto"], "spells": [["2018/03/09", "2018/03/09"], ["2018/08/24", "2018/08/24"], ["2018/09/26", "2018/09/26"]], "tag_story": [["7525", "2018/03/09", "2018/03/09"], ["7569", "2018/08/24", "2018/08/24"], ["7596", "2018/09/26", "2018/09/26"]], "label": "tag_317", "edgetotals": {"transaction": 0, "story": 0, "social": 0, "listing": 0}, "date": "2016/06/01", "avg_totals": {"listing": 0, "story": 0, "transaction": 0, "social": 0}, "kcore": 0, "type": "tag", "id": "7884", "cumu_totals": {"listing": 0, "story": 0, "transaction": 0, "social": 0}}], "links": [{"target": "7596", "weight": 1.0, "tag_story": [["7596", "2018/09/26", "2018/09/26"]], "label": "tag_488+date_start=2018/09/26", "source": "8030", "id": "1165", "spells": [["2018/09/26", "2018/09/26"]]}, {"edgemeta": ["story"], "comment_story": [["7419", "2018/09/28", "2018/09/28"]], "target": "7419", "weight": 1.0, "label": "comment_189+date_start=2018/09/28", "source": "7596", "edgeweight": {"7596": 1.0, "7419": 1.0}, "id": "1488", "spells": [["2018/09/28", "2018/09/28"]]}, {"target": "8029", "weight": 1.0, "tag_story": [["7596", "2018/09/26", "2018/09/26"]], "label": "tag_487+date_start=2018/09/26", "source": "7596", "id": "1163", "spells": [["2018/09/26", "2018/09/26"]]}, {"target": "7863", "weight": 1.0, "tag_story": [["7596", "2018/09/26", "2018/09/26"]], "label": "tag_292+date_start=2018/09/26", "source": "7596", "id": "916", "spells": [["2018/09/26", "2018/09/26"]]}, {"target": "7880", "weight": 1.0, "tag_story": [["7596", "2018/09/26", "2018/09/26"]], "label": "tag_312+date_start=2018/09/26", "source": "7596", "id": "958", "spells": [["2018/09/26", "2018/09/26"]]}, {"edgemeta": ["story", "story"], "comment_story": [["7596", "2018/09/28", "2018/09/28"]], "target": "5", "weight": 1.0, "label": "create_310+date_start=2018/09/26", "source": "7596", "edgeweight": {"7596": 3.0, "5": 3.0}, "id": "165", "create_story": [["5", "2018/09/26", "2018/09/26"]], "spells": [["2018/09/26", "2018/09/26"], ["2018/09/28", "2018/09/28"]]}, {"target": "7884", "weight": 1.0, "tag_story": [["7596", "2018/09/26", "2018/09/26"]], "label": "tag_317+date_start=2018/09/26", "source": "7596", "id": "983", "spells": [["2018/09/26", "2018/09/26"]]}], "multigraph": false}