{"directed": false, "graph": {}, "nodes": [{"kcore": 0, "stats": {"": {"rtag_commoner": [], "tag_commoner": [["7373", "2018/09/10", "2018/09/10"], ["7410", "2018/09/24", "2018/09/24"]]}, "story": {"rtag_story": [], "tag_story": [["7564", "2018/08/17", "2018/08/17"], ["7563", "2018/08/17", "2018/08/17"], ["7577", "2018/09/10", "2018/09/10"], ["7598", "2018/09/26", "2018/09/26"], ["7603", "2018/10/06", "2018/10/06"], ["7580", "2018/09/12", "2018/09/12"], ["7602", "2018/10/04", "2018/10/04"], ["7568", "2018/08/23", "2018/08/23"], ["7539", "2018/06/15", "2018/06/15"], ["7525", "2018/03/09", "2018/03/09"], ["7553", "2018/07/11", "2018/07/11"], ["7528", "2018/04/16", "2018/04/16"], ["7556", "2018/07/13", "2018/07/13"]]}}, "tag_commoner": [["7373", "2018/09/10", "2018/09/10"], ["7410", "2018/09/24", "2018/09/24"]], "tag_story": [["7525", "2018/03/09", "2018/03/09"], ["7528", "2018/04/16", "2018/04/16"], ["7539", "2018/06/15", "2018/06/15"], ["7553", "2018/07/11", "2018/07/11"], ["7556", "2018/07/13", "2018/07/13"], ["7563", "2018/08/17", "2018/08/17"], ["7564", "2018/08/17", "2018/08/17"], ["7568", "2018/08/23", "2018/08/23"], ["7577", "2018/09/10", "2018/09/10"], ["7580", "2018/09/12", "2018/09/12"], ["7598", "2018/09/26", "2018/09/26"], ["7602", "2018/10/04", "2018/10/04"], ["7603", "2018/10/06", "2018/10/06"]], "spells": [["2018/03/09", "2018/03/09"], ["2018/04/16", "2018/04/16"], ["2018/06/15", "2018/06/15"], ["2018/07/11", "2018/07/11"], ["2018/07/13", "2018/07/13"], ["2018/08/17", "2018/08/17"], ["2018/08/17", "2018/08/17"], ["2018/08/23", "2018/08/23"], ["2018/09/10", "2018/09/10"], ["2018/09/10", "2018/09/10"], ["2018/09/12", "2018/09/12"], ["2018/09/26", "2018/09/26"], ["2018/10/04", "2018/10/04"], ["2018/10/06", "2018/10/06"], ["2018/09/24", "2018/09/24"]], "tags": ["reddito di base", "reddito di base", "reddito di base", "reddito di base", "reddito di base", "reddito di base", "reddito di base", "reddito di base", "reddito di base", "reddito di base", "reddito di base", "reddito di base", "reddito di base", "reddito di base", "reddito di base"], "label": "tag_313", "cumu_totals": {"listing": 0, "story": 0, "transaction": 0, "social": 0}, "edgetotals": {"transaction": 0, "story": 0, "social": 0, "listing": 0}, "date": "2016/06/01", "avg_totals": {"listing": 0, "story": 0, "transaction": 0, "social": 0}, "nodemeta": ["", "story"], "type": "tag", "id": "7881", "name": "reddito di base"}, {"kcore": 0, "stats": {"": {"rtag_commoner": [], "tag_commoner": [["7373", "2018/09/10", "2018/09/10"]]}, "story": {"rtag_story": [], "tag_story": [["7564", "2018/08/17", "2018/08/17"], ["7577", "2018/09/10", "2018/09/10"], ["7598", "2018/09/26", "2018/09/26"], ["7580", "2018/09/12", "2018/09/12"], ["7603", "2018/10/06", "2018/10/06"], ["7602", "2018/10/04", "2018/10/04"], ["7528", "2018/04/16", "2018/04/16"], ["7529", "2018/05/09", "2018/05/09"]]}}, "tag_commoner": [["7373", "2018/09/10", "2018/09/10"]], "tag_story": [["7528", "2018/04/16", "2018/04/16"], ["7529", "2018/05/09", "2018/05/09"], ["7564", "2018/08/17", "2018/08/17"], ["7577", "2018/09/10", "2018/09/10"], ["7580", "2018/09/12", "2018/09/12"], ["7598", "2018/09/26", "2018/09/26"], ["7602", "2018/10/04", "2018/10/04"], ["7603", "2018/10/06", "2018/10/06"]], "spells": [["2018/04/16", "2018/04/16"], ["2018/05/09", "2018/05/09"], ["2018/08/17", "2018/08/17"], ["2018/09/10", "2018/09/10"], ["2018/09/10", "2018/09/10"], ["2018/09/12", "2018/09/12"], ["2018/09/26", "2018/09/26"], ["2018/10/04", "2018/10/04"], ["2018/10/06", "2018/10/06"]], "tags": ["reddito di cittadinanza", "reddito di cittadinanza", "reddito di cittadinanza", "reddito di cittadinanza", "reddito di cittadinanza", "reddito di cittadinanza", "reddito di cittadinanza", "reddito di cittadinanza", "reddito di cittadinanza"], "label": "tag_343", "cumu_totals": {"listing": 0, "story": 0, "transaction": 0, "social": 0}, "edgetotals": {"transaction": 0, "story": 0, "social": 0, "listing": 0}, "date": "2016/06/01", "avg_totals": {"listing": 0, "story": 0, "transaction": 0, "social": 0}, "nodemeta": ["", "story"], "type": "tag", "id": "7901", "name": "reddito di cittadinanza"}, {"kcore": 0, "stats": {"": {"rtag_commoner": [], "tag_commoner": [["7410", "2018/09/24", "2018/09/24"]]}, "story": {"rtag_story": [], "tag_story": [["7564", "2018/08/17", "2018/08/17"], ["7563", "2018/08/17", "2018/08/17"], ["7598", "2018/09/26", "2018/09/26"], ["7603", "2018/10/06", "2018/10/06"], ["7581", "2018/09/12", "2018/09/12"], ["7513", "2018/01/23", "2018/01/23"], ["7502", "2017/04/26", "2017/04/26"], ["7428", "2017/09/30", "2017/09/30"]]}}, "tag_commoner": [["7410", "2018/09/24", "2018/09/24"]], "tag_story": [["7428", "2017/09/30", "2017/09/30"], ["7502", "2017/04/26", "2017/04/26"], ["7513", "2018/01/23", "2018/01/23"], ["7563", "2018/08/17", "2018/08/17"], ["7564", "2018/08/17", "2018/08/17"], ["7581", "2018/09/12", "2018/09/12"], ["7598", "2018/09/26", "2018/09/26"], ["7603", "2018/10/06", "2018/10/06"]], "spells": [["2017/09/30", "2017/09/30"], ["2017/04/26", "2017/04/26"], ["2018/01/23", "2018/01/23"], ["2018/08/17", "2018/08/17"], ["2018/08/17", "2018/08/17"], ["2018/09/12", "2018/09/12"], ["2018/09/26", "2018/09/26"], ["2018/10/06", "2018/10/06"], ["2018/09/24", "2018/09/24"]], "tags": ["basic income", "basic income", "basic income", "basic income", "basic income", "basic income", "basic income", "basic income", "basic income"], "label": "tag_5", "cumu_totals": {"listing": 0, "story": 0, "transaction": 0, "social": 0}, "edgetotals": {"transaction": 0, "story": 0, "social": 0, "listing": 0}, "date": "2016/06/01", "avg_totals": {"listing": 0, "story": 0, "transaction": 0, "social": 0}, "nodemeta": ["", "story"], "type": "tag", "id": "7617", "name": "basic income"}, {"kcore": 2, "stats": {"story": {"rcreate_story": [], "rtag_story": [], "create_story": [["58", "2018/10/06", "2018/10/06"]], "tag_story": [["7603", "2018/10/06", "2018/10/06"], ["7603", "2018/10/06", "2018/10/06"], ["7603", "2018/10/06", "2018/10/06"], ["7603", "2018/10/06", "2018/10/06"], ["7603", "2018/10/06", "2018/10/06"], ["7603", "2018/10/06", "2018/10/06"]]}, "2018/10/06": {"story": {"tag_story": [3, 0]}}}, "tag_story": [["7603", "2018/10/06", "2018/10/06"], ["7603", "2018/10/06", "2018/10/06"], ["7603", "2018/10/06", "2018/10/06"]], "title": "Reddito di base, un mondo migliore \u00e8 possibile (video in inglese)", "label": "story_320", "cumu_totals": {"social": 0.0, "story": 2.0, "transaction": 0.0, "listing": 0.0}, "edgetotals": {"transaction": 0, "story": 2.0, "social": 0, "listing": 0}, "create_story": [["58", "2018/10/06", "2018/10/06"]], "date": "2016/06/01", "avg_totals": {"social": 0.0, "story": 8.0, "transaction": 0.0, "listing": 0.0}, "nodemeta": ["story", "story", "story"], "type": "story", "id": "7603", "tags": ["reddito di cittadinanza", "basic income", "reddito di base"], "spells": [["2018/10/06", "2018/10/06"], ["2018/10/06", "2018/10/06"], ["2018/10/06", "2018/10/06"], ["2018/10/06", "2018/10/06"]]}, {"nodemeta": ["story", "story", "social", "transaction"], "comment_story": [["7554", "2018/07/11", "2018/07/11"], ["7587", "2018/09/15", "2018/09/15"], ["7594", "2018/09/21", "2018/09/21"], ["7602", "2018/10/06", "2018/10/06"], ["7529", "2018/07/03", "2018/07/03"], ["7546", "2018/07/04", "2018/07/04"], ["7546", "2018/07/04", "2018/07/04"], ["58", "2018/07/03", "2018/07/03"], ["7539", "2018/06/18", "2018/06/18"], ["7578", "2018/09/12", "2018/09/12"], ["58", "2018/06/18", "2018/06/18"], ["58", "2018/07/04", "2018/07/04"], ["58", "2018/07/04", "2018/07/04"], ["58", "2018/07/11", "2018/07/11"], ["7602", "2018/10/06", "2018/10/06"], ["7566", "2018/08/21", "2018/08/21"], ["58", "2018/08/21", "2018/08/21"], ["7569", "2018/08/24", "2018/08/24"], ["58", "2018/08/24", "2018/08/24"], ["7577", "2018/09/11", "2018/09/11"], ["58", "2018/09/11", "2018/09/11"], ["58", "2018/09/12", "2018/09/12"], ["7585", "2018/09/15", "2018/09/15"], ["58", "2018/09/15", "2018/09/15"], ["7586", "2018/09/15", "2018/09/15"], ["7586", "2018/09/15", "2018/09/15"], ["58", "2018/09/15", "2018/09/15"], ["58", "2018/09/15", "2018/09/15"], ["58", "2018/09/15", "2018/09/15"], ["7588", "2018/09/17", "2018/09/17"], ["58", "2018/09/17", "2018/09/17"], ["7589", "2018/09/18", "2018/09/18"], ["58", "2018/09/18", "2018/09/18"], ["58", "2018/09/21", "2018/09/21"], ["7602", "2018/10/05", "2018/10/05"], ["7602", "2018/10/05", "2018/10/05"], ["7602", "2018/10/05", "2018/10/05"], ["7602", "2018/10/05", "2018/10/05"], ["7602", "2018/10/05", "2018/10/05"], ["58", "2018/10/05", "2018/10/05"], ["58", "2018/10/06", "2018/10/06"]], "name": "Rankis", "tags": [], "edgetotals": {"transaction": 44.0, "story": 29.0, "social": 12.0, "listing": 0}, "cumu_totals": {"listing": 0.0, "story": 0.3411764705882353, "transaction": 0.5176470588235295, "social": 0.1411764705882353}, "label": "commoner_69", "conversation": [["35", "2018/09/24", "2018/09/25"], ["58", "2018/09/25", "2018/09/25"], ["58", "2018/09/25", "2018/09/25"]], "transaction": [["58", "2018/09/08", "2018/09/08"], ["58", "2018/07/05", "2018/07/05"], ["58", "2018/09/08", "2018/09/08"], ["8", "2018/10/06", "2018/10/06"], ["58", "2018/09/15", "2018/09/15"], ["58", "2018/09/15", "2018/09/15"], ["3", "2018/09/13", "2018/09/13"], ["7318", "2018/09/14", "2018/09/14"], ["58", "2018/09/15", "2018/09/15"], ["103", "2018/09/24", "2018/09/24"], ["7411", "2018/09/24", "2018/09/24"]], "avg_totals": {"listing": 0.0, "story": 1.3647058823529412, "transaction": 2.070588235294118, "social": 0.5647058823529412}, "date": "2016/06/01", "stats": {"2018/07/04": {"story": {"rcomment_story": [2, 4]}}, "2018/07/05": {"transaction": {"transaction": [1, 4]}}, "2018/07/03": {"story": {"rcomment_story": [1, 2]}}, "2018/09/18": {"story": {"rcomment_story": [1, 2]}}, "2018/09/11": {"story": {"rcomment_story": [1, 2]}}, "2018/09/13": {"transaction": {"transaction": [1, 4]}}, "2018/09/12": {"story": {"rcomment_story": [1, 2]}}, "2018/09/15": {"story": {"rcomment_story": [4, 8]}, "transaction": {"transaction": [3, 12]}}, "2018/09/14": {"transaction": {"transaction": [1, 4]}}, "2018/09/17": {"story": {"rcomment_story": [1, 2]}}, "story": {"rcreate_story": [], "comment_story": [], "rcomment_story": [["58", "2018/09/11", "2018/09/11"], ["58", "2018/09/11", "2018/09/11"], ["58", "2018/09/12", "2018/09/12"], ["58", "2018/09/12", "2018/09/12"], ["58", "2018/09/21", "2018/09/21"], ["58", "2018/09/21", "2018/09/21"], ["58", "2018/06/18", "2018/06/18"], ["58", "2018/06/18", "2018/06/18"], ["58", "2018/07/11", "2018/07/11"], ["58", "2018/07/11", "2018/07/11"], ["58", "2018/09/18", "2018/09/18"], ["58", "2018/09/18", "2018/09/18"], ["58", "2018/08/21", "2018/08/21"], ["58", "2018/08/21", "2018/08/21"], ["58", "2018/07/03", "2018/07/03"], ["58", "2018/07/03", "2018/07/03"], ["58", "2018/09/17", "2018/09/17"], ["58", "2018/09/17", "2018/09/17"], ["58", "2018/09/15", "2018/09/15"], ["58", "2018/09/15", "2018/09/15"], ["58", "2018/09/15", "2018/09/15"], ["58", "2018/09/15", "2018/09/15"], ["58", "2018/09/15", "2018/09/15"], ["58", "2018/09/15", "2018/09/15"], ["58", "2018/09/15", "2018/09/15"], ["58", "2018/09/15", "2018/09/15"], ["7602", "2018/10/06", "2018/10/06"], ["7602", "2018/10/06", "2018/10/06"], ["7602", "2018/10/06", "2018/10/06"], ["7602", "2018/10/05", "2018/10/05"], ["7602", "2018/10/05", "2018/10/05"], ["7602", "2018/10/05", "2018/10/05"], ["7602", "2018/10/05", "2018/10/05"], ["7602", "2018/10/05", "2018/10/05"], ["58", "2018/10/05", "2018/10/05"], ["58", "2018/10/05", "2018/10/05"], ["58", "2018/10/06", "2018/10/06"], ["58", "2018/10/06", "2018/10/06"], ["58", "2018/08/24", "2018/08/24"], ["58", "2018/08/24", "2018/08/24"], ["58", "2018/07/04", "2018/07/04"], ["58", "2018/07/04", "2018/07/04"], ["58", "2018/07/04", "2018/07/04"], ["58", "2018/07/04", "2018/07/04"]], "create_story": [["58", "2018/10/06", "2018/10/06"], ["58", "2018/10/06", "2018/10/06"], ["58", "2018/10/04", "2018/10/04"], ["58", "2018/10/04", "2018/10/04"]]}, "2018/06/18": {"story": {"rcomment_story": [1, 2]}}, "2018/07/11": {"story": {"rcomment_story": [1, 2]}}, "2018/09/08": {"transaction": {"transaction": [2, 8]}}, "2018/09/24": {"transaction": {"transaction": [2, 8]}, "social": {"conversation": [1, 4]}}, "2018/09/25": {"social": {"conversation": [2, 8]}}, "2018/09/21": {"story": {"rcomment_story": [1, 2]}}, "transaction": {"rtransaction": [], "transaction": [["58", "2018/09/08", "2018/09/08"], ["58", "2018/09/08", "2018/09/08"], ["3", "2018/09/13", "2018/09/13"], ["3", "2018/09/13", "2018/09/13"], ["7411", "2018/09/24", "2018/09/24"], ["7411", "2018/09/24", "2018/09/24"], ["8", "2018/10/06", "2018/10/06"], ["8", "2018/10/06", "2018/10/06"], ["58", "2018/09/15", "2018/09/15"], ["58", "2018/09/15", "2018/09/15"], ["58", "2018/09/15", "2018/09/15"], ["58", "2018/09/15", "2018/09/15"], ["103", "2018/09/24", "2018/09/24"], ["103", "2018/09/24", "2018/09/24"], ["7318", "2018/09/14", "2018/09/14"], ["7318", "2018/09/14", "2018/09/14"], ["58", "2018/09/08", "2018/09/08"], ["58", "2018/09/08", "2018/09/08"], ["58", "2018/09/15", "2018/09/15"], ["58", "2018/09/15", "2018/09/15"], ["58", "2018/07/05", "2018/07/05"], ["58", "2018/07/05", "2018/07/05"]]}, "2018/10/04": {"story": {"create_story": [1, 2]}}, "2018/10/05": {"story": {"rcomment_story": [1, 2]}}, "2018/10/06": {"story": {"rcomment_story": [2, 4], "create_story": [1, 2]}, "transaction": {"transaction": [1, 4]}}, "social": {"conversation": [["58", "2018/09/25", "2018/09/25"], ["58", "2018/09/25", "2018/09/25"], ["58", "2018/09/25", "2018/09/25"], ["58", "2018/09/25", "2018/09/25"], ["35", "2018/09/24", "2018/09/25"], ["35", "2018/09/24", "2018/09/25"]], "rconversation": []}, "2018/08/21": {"story": {"rcomment_story": [1, 2]}}, "2018/08/24": {"story": {"rcomment_story": [1, 2]}}}, "kcore": 5, "type": "commoner", "id": "58", "create_story": [["58", "2018/10/04", "2018/10/04"], ["58", "2018/10/06", "2018/10/06"]], "spells": [["2018/07/11", "2018/07/11"], ["2018/09/24", "2018/09/25"], ["2018/09/08", "2018/09/08"], ["2018/09/15", "2018/09/15"], ["2018/09/21", "2018/09/21"], ["2018/10/06", "2018/10/06"], ["2018/07/05", "2018/07/05"], ["2018/07/03", "2018/07/03"], ["2018/07/04", "2018/07/04"], ["2018/07/04", "2018/07/04"], ["2018/07/03", "2018/07/03"], ["2018/06/18", "2018/06/18"], ["2018/09/12", "2018/09/12"], ["2018/09/08", "2018/09/08"], ["2018/06/18", "2018/06/18"], ["2018/07/04", "2018/07/04"], ["2018/07/04", "2018/07/04"], ["2018/07/11", "2018/07/11"], ["2018/10/06", "2018/10/06"], ["2018/10/06", "2018/10/06"], ["2018/08/21", "2018/08/21"], ["2018/08/21", "2018/08/21"], ["2018/08/24", "2018/08/24"], ["2018/08/24", "2018/08/24"], ["2018/09/11", "2018/09/11"], ["2018/09/11", "2018/09/11"], ["2018/09/12", "2018/09/12"], ["2018/09/15", "2018/09/15"], ["2018/09/15", "2018/09/15"], ["2018/09/15", "2018/09/15"], ["2018/09/15", "2018/09/15"], ["2018/09/15", "2018/09/15"], ["2018/09/15", "2018/09/15"], ["2018/09/15", "2018/09/15"], ["2018/09/15", "2018/09/15"], ["2018/09/15", "2018/09/15"], ["2018/09/17", "2018/09/17"], ["2018/09/25", "2018/09/25"], ["2018/09/17", "2018/09/17"], ["2018/09/18", "2018/09/18"], ["2018/09/18", "2018/09/18"], ["2018/09/21", "2018/09/21"], ["2018/10/04", "2018/10/04"], ["2018/10/06", "2018/10/06"], ["2018/10/05", "2018/10/05"], ["2018/10/05", "2018/10/05"], ["2018/10/05", "2018/10/05"], ["2018/10/05", "2018/10/05"], ["2018/10/05", "2018/10/05"], ["2018/10/05", "2018/10/05"], ["2018/10/06", "2018/10/06"], ["2018/09/25", "2018/09/25"], ["2018/09/13", "2018/09/13"], ["2018/09/14", "2018/09/14"], ["2018/09/15", "2018/09/15"], ["2018/09/24", "2018/09/24"], ["2018/09/24", "2018/09/24"], ["2018/10/05", "2018/10/05"]]}], "links": [{"target": "7603", "weight": 1.0, "tag_story": [["7603", "2018/10/06", "2018/10/06"]], "label": "tag_313+date_start=2018/10/06", "source": "7881", "id": "973", "spells": [["2018/10/06", "2018/10/06"]]}, {"target": "7603", "weight": 1.0, "tag_story": [["7603", "2018/10/06", "2018/10/06"]], "label": "tag_343+date_start=2018/10/06", "source": "7901", "id": "1021", "spells": [["2018/10/06", "2018/10/06"]]}, {"target": "7603", "weight": 1.0, "tag_story": [["7603", "2018/10/06", "2018/10/06"]], "label": "tag_5+date_start=2018/10/06", "source": "7617", "id": "209", "spells": [["2018/10/06", "2018/10/06"]]}, {"edgemeta": ["story"], "target": "58", "weight": 1.0, "label": "create_320+date_start=2018/10/06", "source": "7603", "edgeweight": {"7603": 2.0, "58": 2.0}, "id": "171", "create_story": [["58", "2018/10/06", "2018/10/06"]], "spells": [["2018/10/06", "2018/10/06"]]}], "multigraph": false}